       	ADAM33 	ADRB2  	ALOX5  	AREG   	ARG1   	BCL6   	CCL11  	CCL17  	CCL2   	CCL22  	CCL24  	CCL26  	CCL5   	CCL8   	CCR3   	CCR4   	CCR8   	CD40LG 	CHIA   	CLC    	CLCA1  	CMA1   	CPA3   	CRLF2  	CSF2   	CSF3R  	CYSLTR1	EPX    	FCER1A 	FOXP3  	GATA3  	GPR44  	ICOS   	IFNG   	IFNGR2 	IL10   	IL12A  	IL12B  	IL13   	IL13RA1	IL13RA2	IL17A  	IL17RB 	IL18   	IL1RL1 	IL21   	IL25   	IL2RA  	IL3    	IL31   	IL33   	IL3RA  	IL4    	IL4R   	IL5    	IL5RA  	IL9    	KIT    	KITLG  	LTB4R  	MAF    	MMP9   	MRC1   	MS4A2  	PDCD1  	PMCH   	POSTN  	PPARG  	PRG2   	RETNLB 	RNASE2 	RNASE3 	RORC   	SATB1  	SIGLEC8	STAT5A 	STAT6  	TBX21  	TGFB1  	TNFRSF4	TNFSF4 	TSLP   
ADAM33 	0.060865	0.088338	0.0091561	0.0046714	0.0079802	0.011186	0.011402	0.011136	0.011495	0.0113	0.012422	0.011832	0.011565	0.011096	0.011947	0.011419	0.012022	0.011361	0.0070286	0.00768	0.0091062	0.0093914	0.0065826	0.0098776	0.011353	0.011387	0.0079339	0.010116	0.0082395	0.011787	0.011577	0.01902	0.01126	0.011712	0.013397	0.011729	0.012385	0.019149	0.011618	0.011856	0.011493	0.011541	0.010251	0.011775	0.010728	0.011915	0.011122	0.011441	0.011194	0.0082173	0.011195	0.011205	0.011603	0.013817	0.011402	0.011485	0.011265	0.01053	0.010437	0.0068198	0.011227	0.010481	0.0077761	0.010737	0.010558	0.0059038	0.0049101	0.011058	0.0081547	0.0070855	0.0096636	0.010296	0.012533	0.010317	0.0059038	0.011228	0.011743	0.012124	0.011199	0.01087	0.010342	0.011076                                                       
ADRB2  	0.088338	0.19827	0.0071092	0.0033378	0.0061831	0.0092263	0.009519	0.009189	0.0099711	0.0092776	0.010232	0.0097282	0.0097271	0.0084534	0.010045	0.0093236	0.010004	0.0095578	0.005246	0.0053476	0.0069178	0.0071253	0.0043901	0.0073875	0.0097081	0.0090662	0.0057012	0.0078027	0.0056665	0.010397	0.0099624	0.019341	0.0094484	0.010242	0.013607	0.010442	0.011589	0.025718	0.010129	0.0097612	0.0095758	0.010083	0.0079162	0.010526	0.0087032	0.010633	0.0090952	0.0096441	0.0092452	0.0062546	0.0092553	0.0091637	0.00995	0.013358	0.0097746	0.0093937	0.0094624	0.0084636	0.0084249	0.0047471	0.0093443	0.0086135	0.0058702	0.0083425	0.0085016	0.0042289	0.0031522	0.0091407	0.0057752	0.0052755	0.007362	0.0080925	0.011929	0.0080598	0.0042289	0.0093524	0.01026	0.011026	0.0093509	0.0087709	0.008071	0.0090912              
ALOX5  	0.0091561	0.0071092	0.03196	0.0066723	0.0080445	0.011396	0.013113	0.011604	0.012036	0.011705	0.011416	0.011463	0.012145	0.011072	0.011737	0.011706	0.011754	0.011763	0.007223	0.0093756	0.010173	0.012696	0.0099178	0.010774	0.012578	0.011904	0.042091	0.011248	0.0074617	0.011581	0.011466	0.01142	0.011388	0.011876	0.011027	0.0116	0.011592	0.011289	0.011544	0.011046	0.011664	0.011731	0.011653	0.012956	0.011913	0.011689	0.011803	0.011751	0.012191	0.0091019	0.011965	0.012418	0.011737	0.01159	0.012124	0.012016	0.012106	0.012486	0.017802	0.052914	0.011327	0.012016	0.0081958	0.0094502	0.010847	0.0080583	0.0063376	0.011764	0.010233	0.007174	0.011175	0.011467	0.011347	0.010846	0.0080583	0.011874	0.011378	0.011578	0.01234	0.011309	0.010858	0.011634                                                            
AREG   	0.0046714	0.0033378	0.0066723	0.40105	0.0047709	0.0068402	0.0076158	0.007458	0.0096085	0.0074555	0.0066334	0.0067828	0.0092958	0.0061352	0.0072963	0.0074025	0.0072487	0.0092432	0.0041695	0.004326	0.0054657	0.01397	0.0077974	0.0059008	0.008591	0.006708	0.0060613	0.0061127	0.0037884	0.0076343	0.0072323	0.0066136	0.0072754	0.0085861	0.0070811	0.0090123	0.0074393	0.0072798	0.0083657	0.0067014	0.0075089	0.0089266	0.0062656	0.0077526	0.0065685	0.0074048	0.0070987	0.0075829	0.0078775	0.0053668	0.0073652	0.007519	0.0077006	0.0072644	0.007288	0.0070542	0.0079583	0.0081656	0.010037	0.0056475	0.006684	0.042122	0.0049411	0.0053777	0.0067479	0.0028617	0.0024962	0.013047	0.0048505	0.0038841	0.0060969	0.006621	0.0078475	0.0056731	0.0028617	0.0076204	0.007145	0.0073889	0.010886	0.0070556	0.0065757	0.0072304  
ARG1   	0.0079802	0.0061831	0.0080445	0.0047709	0.058112	0.010597	0.010339	0.013207	0.012635	0.01094	0.010566	0.010819	0.010607	0.010556	0.010768	0.010746	0.010656	0.010784	0.066227	0.006937	0.0089088	0.0083237	0.0053477	0.010129	0.010345	0.0093607	0.0068595	0.0089874	0.0062579	0.010845	0.010663	0.010227	0.010638	0.010755	0.010968	0.012607	0.010999	0.010563	0.012249	0.011006	0.010754	0.010567	0.0089965	0.010754	0.0096554	0.010631	0.010251	0.010585	0.010333	0.0072741	0.010555	0.0097747	0.010441	0.010409	0.010259	0.0099326	0.010604	0.0090839	0.0095177	0.0058791	0.010445	0.010068	0.055354	0.008575	0.010167	0.0048646	0.0048451	0.010088	0.0071141	0.066735	0.008646	0.009279	0.010154	0.0091808	0.0048646	0.01022	0.013774	0.010791	0.01067	0.0099749	0.0097097	0.010709                                            
BCL6   	0.011186	0.0092263	0.011396	0.0068402	0.010597	0.014623	0.012673	0.012826	0.012766	0.012998	0.01281	0.013002	0.012771	0.013118	0.012848	0.012992	0.012933	0.013149	0.009761	0.0099836	0.011149	0.011633	0.0088617	0.013044	0.012681	0.013051	0.010338	0.011897	0.0093692	0.013139	0.01322	0.012679	0.013505	0.013022	0.013097	0.012932	0.013101	0.012735	0.01277	0.013064	0.01304	0.012982	0.012742	0.012924	0.013197	0.013169	0.013007	0.013	0.012824	0.012298	0.013001	0.012972	0.01285	0.012835	0.012755	0.012963	0.012785	0.012265	0.012294	0.0094052	0.013421	0.012325	0.010454	0.011367	0.013873	0.0089517	0.0070663	0.013039	0.010436	0.009896	0.011654	0.012165	0.013387	0.013375	0.0089517	0.013011	0.012859	0.01326	0.012891	0.013579	0.013885	0.013057                                                                   
CCL11  	0.011402	0.009519	0.013113	0.0076158	0.010339	0.012673	0.012776	0.012568	0.012553	0.012702	0.012761	0.012735	0.012663	0.01291	0.012705	0.012745	0.012735	0.012622	0.0097223	0.012319	0.012352	0.011938	0.0098194	0.012765	0.01266	0.012827	0.013633	0.012744	0.0098953	0.012633	0.012621	0.012619	0.012623	0.012635	0.01254	0.012513	0.012611	0.012379	0.012518	0.012637	0.012723	0.012629	0.013766	0.012661	0.012757	0.012646	0.012872	0.012657	0.012672	0.011196	0.012731	0.012671	0.012551	0.012547	0.012524	0.012767	0.012614	0.012286	0.012714	0.013277	0.01261	0.012215	0.010406	0.011474	0.012551	0.008433	0.010332	0.012757	0.012845	0.0097094	0.012749	0.0127	0.012717	0.012401	0.008433	0.012617	0.012493	0.012622	0.012642	0.012644	0.012571	0.01268                                                                     
CCL17  	0.011136	0.009189	0.011604	0.007458	0.013207	0.012826	0.012568	0.012911	0.012701	0.012956	0.01273	0.012832	0.012618	0.013148	0.012724	0.012839	0.012803	0.012716	0.013227	0.010755	0.0115	0.011702	0.0094327	0.014622	0.012527	0.01274	0.010968	0.012097	0.0099692	0.012748	0.012717	0.01257	0.012773	0.012692	0.012712	0.012685	0.012704	0.012412	0.01264	0.012784	0.012766	0.01264	0.012692	0.012631	0.0128	0.012707	0.012762	0.012677	0.012609	0.011156	0.012765	0.012621	0.012586	0.012565	0.012466	0.012707	0.012586	0.012143	0.012226	0.010181	0.012725	0.01217	0.013499	0.011545	0.01287	0.0083505	0.0081626	0.012727	0.011251	0.013248	0.011937	0.012215	0.012777	0.012504	0.0083505	0.012709	0.012727	0.012712	0.012635	0.012824	0.012915	0.012915                                                                         
CCL2   	0.011495	0.0099711	0.012036	0.0096085	0.012635	0.012766	0.012553	0.012701	0.01265	0.012723	0.012655	0.012751	0.012582	0.012954	0.012649	0.012741	0.012708	0.012669	0.012526	0.01074	0.011463	0.012023	0.010137	0.012927	0.012515	0.012739	0.011655	0.012067	0.0099814	0.012694	0.012689	0.012555	0.012723	0.012661	0.012793	0.012647	0.012689	0.012463	0.012586	0.012734	0.012725	0.012625	0.012674	0.012626	0.012774	0.012669	0.012701	0.01264	0.012583	0.011392	0.012698	0.012623	0.012553	0.012554	0.01243	0.012676	0.012561	0.012271	0.012378	0.011132	0.01269	0.012393	0.012834	0.011543	0.0128	0.0082932	0.0081266	0.012848	0.011257	0.012519	0.01192	0.012191	0.012833	0.01249	0.0082932	0.01262	0.012634	0.012685	0.012642	0.01277	0.012782	0.012698                                                                        
CCL22  	0.0113	0.0092776	0.011705	0.0074555	0.01094	0.012998	0.012702	0.012956	0.012723	0.01316	0.012893	0.012998	0.01275	0.013443	0.012871	0.013012	0.012976	0.012856	0.010355	0.010773	0.011543	0.011777	0.0093132	0.015462	0.012652	0.012922	0.011052	0.012215	0.010034	0.012891	0.01285	0.012741	0.012933	0.012826	0.01281	0.012722	0.012822	0.012529	0.012681	0.012899	0.012895	0.012773	0.012868	0.012745	0.012899	0.01285	0.012919	0.012815	0.012749	0.011311	0.012902	0.012789	0.012723	0.012699	0.012606	0.012878	0.012708	0.012265	0.01235	0.010214	0.012882	0.012277	0.011084	0.011619	0.013089	0.0085644	0.0080204	0.012891	0.011283	0.010387	0.012041	0.012341	0.012947	0.012705	0.0085644	0.012895	0.01271	0.012848	0.012758	0.013029	0.013173	0.013119                                                                       
CCL24  	0.012422	0.010232	0.011416	0.0066334	0.010566	0.01281	0.012761	0.01273	0.012655	0.012893	0.01343	0.013161	0.012809	0.013803	0.013015	0.013085	0.013101	0.012723	0.0099449	0.012622	0.012604	0.011481	0.0087343	0.012738	0.012712	0.012798	0.010605	0.013095	0.010222	0.012771	0.012743	0.01325	0.012733	0.012732	0.012661	0.012619	0.012744	0.012582	0.012664	0.012888	0.012825	0.012656	0.012685	0.012668	0.012689	0.012754	0.012806	0.012768	0.012749	0.010515	0.01279	0.012669	0.012679	0.012713	0.012621	0.012871	0.012663	0.012093	0.0122	0.0095943	0.012773	0.012106	0.010597	0.011741	0.012571	0.0088318	0.010293	0.012696	0.013216	0.0099775	0.013008	0.012908	0.012769	0.012605	0.0088318	0.012679	0.012704	0.012748	0.012681	0.012707	0.01259	0.012767                                                                    
CCL26  	0.011832	0.0097282	0.011463	0.0067828	0.010819	0.013002	0.012735	0.012832	0.012751	0.012998	0.013161	0.013639	0.012802	0.013966	0.013033	0.013207	0.013164	0.012853	0.010223	0.010697	0.011562	0.011705	0.009126	0.012945	0.012674	0.012995	0.010603	0.012278	0.010948	0.012914	0.012915	0.013023	0.012917	0.012861	0.012891	0.01275	0.012894	0.012642	0.012767	0.013209	0.012977	0.01278	0.012756	0.012779	0.012885	0.012886	0.012925	0.012858	0.012781	0.010824	0.012908	0.012812	0.012809	0.012848	0.01267	0.012964	0.012728	0.01226	0.012288	0.0096314	0.012966	0.012232	0.010835	0.012341	0.012845	0.0088636	0.0078855	0.012851	0.011156	0.010241	0.012046	0.012382	0.012963	0.012858	0.0088636	0.012818	0.012794	0.012903	0.012799	0.012928	0.012856	0.012893                                                                 
CCL5   	0.011565	0.0097271	0.012145	0.0092958	0.010607	0.012771	0.012663	0.012618	0.012582	0.01275	0.012809	0.012802	0.012674	0.013035	0.012737	0.012789	0.012776	0.012686	0.010012	0.012162	0.012286	0.012052	0.010156	0.012915	0.012642	0.012844	0.011789	0.012684	0.010002	0.012699	0.012689	0.012669	0.012723	0.012677	0.012712	0.012582	0.012678	0.012448	0.012562	0.012729	0.012748	0.012636	0.01277	0.012645	0.012792	0.012689	0.01275	0.012697	0.012679	0.011282	0.012732	0.012693	0.012591	0.012593	0.012508	0.012774	0.012624	0.012337	0.012443	0.011246	0.012699	0.012371	0.010662	0.01156	0.012776	0.0084823	0.010082	0.01277	0.012668	0.0099958	0.012663	0.01266	0.01278	0.012524	0.0084823	0.012653	0.012553	0.012683	0.012663	0.012787	0.012786	0.012724                                                                     
CCL8   	0.011096	0.0084534	0.011072	0.0061352	0.010556	0.013118	0.01291	0.013148	0.012954	0.013443	0.013803	0.013966	0.013035	0.022559	0.013846	0.014418	0.014311	0.012914	0.0097012	0.010196	0.011318	0.011344	0.008359	0.013622	0.012769	0.0131	0.010091	0.012295	0.0088838	0.013062	0.012824	0.013435	0.012861	0.012932	0.012474	0.012764	0.012862	0.012528	0.012793	0.012942	0.012935	0.012894	0.012359	0.01277	0.012496	0.012922	0.012847	0.012925	0.012892	0.012259	0.012887	0.012833	0.012842	0.012846	0.012717	0.013183	0.012796	0.012174	0.012237	0.0089381	0.012808	0.012172	0.010596	0.01102	0.01251	0.0073873	0.0071063	0.012938	0.010697	0.0099599	0.011871	0.012307	0.012861	0.01217	0.0073873	0.013396	0.013142	0.012926	0.012806	0.012749	0.012509	0.013037                                                                 
CCR3   	0.011947	0.010045	0.011737	0.0072963	0.010768	0.012848	0.012705	0.012724	0.012649	0.012871	0.013015	0.013033	0.012737	0.013846	0.012901	0.012993	0.012981	0.012739	0.010185	0.01185	0.012139	0.011787	0.0095051	0.013077	0.012672	0.013001	0.011128	0.012655	0.010246	0.012776	0.012749	0.012894	0.012772	0.012738	0.012727	0.012637	0.012745	0.012545	0.012639	0.012891	0.012823	0.012679	0.01275	0.012678	0.012749	0.012758	0.012806	0.012763	0.012733	0.011049	0.012785	0.012742	0.012665	0.012699	0.01257	0.012888	0.012663	0.012261	0.012327	0.01031	0.012769	0.012204	0.010824	0.01178	0.012738	0.0085547	0.0094853	0.012768	0.012414	0.010206	0.012564	0.01263	0.01282	0.012577	0.0085547	0.012743	0.012668	0.012756	0.012693	0.012805	0.012753	0.012799                                                                     
CCR4   	0.011419	0.0093236	0.011706	0.0074025	0.010746	0.012992	0.012745	0.012839	0.012741	0.013012	0.013085	0.013207	0.012789	0.014418	0.012993	0.013175	0.013128	0.012845	0.010107	0.010853	0.011609	0.011747	0.0091872	0.0134	0.012674	0.012908	0.011043	0.012318	0.010101	0.0129	0.012881	0.012898	0.012918	0.01284	0.012841	0.01273	0.012853	0.012565	0.012704	0.012947	0.01292	0.012802	0.012956	0.012769	0.012944	0.012861	0.012923	0.012832	0.012765	0.011534	0.012897	0.012788	0.012747	0.012739	0.012643	0.012913	0.012715	0.012253	0.012359	0.010171	0.012913	0.012291	0.010844	0.011683	0.012969	0.008666	0.0080207	0.012926	0.011372	0.010137	0.012119	0.012402	0.01298	0.012754	0.008666	0.012869	0.012754	0.012871	0.012783	0.012964	0.012971	0.012926                                                                       
CCR8   	0.012022	0.010004	0.011754	0.0072487	0.010656	0.012933	0.012735	0.012803	0.012708	0.012976	0.013101	0.013164	0.012776	0.014311	0.012981	0.013128	0.013107	0.012801	0.010012	0.011105	0.011731	0.011781	0.009379	0.013384	0.012673	0.012965	0.011136	0.012417	0.010081	0.01285	0.012814	0.013006	0.012845	0.012796	0.012742	0.012685	0.012803	0.012596	0.012671	0.012887	0.012874	0.012753	0.012809	0.012731	0.012811	0.012819	0.012863	0.012803	0.012755	0.011495	0.012844	0.012776	0.012715	0.012741	0.012616	0.012917	0.012694	0.012274	0.012361	0.0103	0.012837	0.012247	0.010748	0.011668	0.012828	0.0086375	0.0083228	0.012859	0.011674	0.010046	0.012241	0.01246	0.012905	0.012634	0.0086375	0.01284	0.01272	0.012823	0.012745	0.012878	0.012846	0.012883                                                                     
CD40LG 	0.011361	0.0095578	0.011763	0.0092432	0.010784	0.013149	0.012622	0.012716	0.012669	0.012856	0.012723	0.012853	0.012686	0.012914	0.012739	0.012845	0.012801	0.012919	0.010135	0.010603	0.011423	0.012058	0.010045	0.013056	0.012624	0.012997	0.011075	0.01208	0.010225	0.012924	0.012913	0.012608	0.013128	0.01285	0.012945	0.012769	0.012859	0.01257	0.012655	0.012931	0.012887	0.012781	0.012709	0.012756	0.012976	0.012868	0.012856	0.012838	0.012729	0.011565	0.01285	0.01287	0.012734	0.01271	0.01257	0.012845	0.012688	0.012393	0.012385	0.010356	0.012979	0.01246	0.010776	0.011753	0.013779	0.0084098	0.0078752	0.012901	0.01112	0.010155	0.011912	0.012258	0.013024	0.012862	0.0084098	0.012785	0.012661	0.012895	0.012779	0.013417	0.013843	0.012912                                                                       
CHIA   	0.0070286	0.005246	0.007223	0.0041695	0.066227	0.009761	0.0097223	0.013227	0.012526	0.010355	0.0099449	0.010223	0.010012	0.0097012	0.010185	0.010107	0.010012	0.010135	0.086474	0.0061897	0.0083375	0.0074987	0.00455	0.0094203	0.0097212	0.0084596	0.0060399	0.0082401	0.0059482	0.010203	0.0099719	0.009505	0.0098558	0.01013	0.010264	0.012286	0.010387	0.0099371	0.012265	0.010448	0.010157	0.0099278	0.0081527	0.010156	0.0087727	0.0099662	0.0095854	0.0099326	0.0096759	0.006337	0.0099371	0.0089562	0.0098105	0.0097719	0.0096116	0.0091532	0.010017	0.0082847	0.0088039	0.0050714	0.0096378	0.0094533	0.066161	0.008306	0.0090688	0.0041753	0.004313	0.009325	0.0063	0.079963	0.0078823	0.0085348	0.0093086	0.0081422	0.0041753	0.0095092	0.013793	0.010129	0.010066	0.0090144	0.0086265	0.010098                          
CLC    	0.00768	0.0053476	0.0093756	0.004326	0.006937	0.0099836	0.012319	0.010755	0.01074	0.010773	0.012622	0.010697	0.012162	0.010196	0.01185	0.010853	0.011105	0.010603	0.0061897	0.047146	0.03268	0.0089788	0.0059726	0.0091987	0.012799	0.010749	0.0084202	0.023872	0.0060775	0.010416	0.010124	0.010961	0.010013	0.010604	0.0094443	0.01046	0.010271	0.010032	0.011209	0.0099028	0.010593	0.0105	0.010107	0.010618	0.00963	0.010571	0.010666	0.011313	0.011978	0.006999	0.010726	0.010639	0.010705	0.010547	0.011322	0.011309	0.011655	0.010071	0.010391	0.0070844	0.0099237	0.010013	0.0069203	0.0082089	0.0090352	0.0059237	0.077243	0.010037	0.040956	0.0061616	0.026782	0.020799	0.0096967	0.0090613	0.0059237	0.010478	0.011112	0.010254	0.010683	0.0097313	0.0091285	0.010659                                                    
CLCA1  	0.0091062	0.0069178	0.010173	0.0054657	0.0089088	0.011149	0.012352	0.0115	0.011463	0.011543	0.012604	0.011562	0.012286	0.011318	0.012139	0.011609	0.011731	0.011423	0.0083375	0.03268	0.025372	0.010193	0.0076049	0.010606	0.012545	0.011522	0.0093208	0.01876	0.0077443	0.011341	0.01118	0.011589	0.011123	0.011433	0.01087	0.011326	0.011273	0.010995	0.011795	0.01121	0.011507	0.011341	0.011133	0.011412	0.010899	0.011427	0.011516	0.011852	0.012188	0.0085651	0.011521	0.011418	0.011453	0.011366	0.011734	0.011847	0.012062	0.01094	0.011094	0.0081782	0.01108	0.010862	0.0088557	0.0097104	0.01055	0.0067051	0.056688	0.011102	0.02596	0.0083251	0.020339	0.01734	0.010962	0.010476	0.0067051	0.011321	0.011751	0.011252	0.011454	0.010966	0.010596	0.011474                                                                
CMA1   	0.0093914	0.0071253	0.012696	0.01397	0.0083237	0.011633	0.011938	0.011702	0.012023	0.011777	0.011481	0.011705	0.012052	0.011344	0.011787	0.011747	0.011781	0.012058	0.0074987	0.0089788	0.010193	0.028266	0.060038	0.011223	0.012267	0.01247	0.012974	0.010909	0.0093749	0.011854	0.011679	0.011368	0.011706	0.011995	0.011272	0.011873	0.0117	0.011412	0.011767	0.011685	0.012085	0.011885	0.011106	0.011917	0.011275	0.011905	0.011892	0.012086	0.012533	0.0097869	0.011829	0.013201	0.012373	0.012211	0.01165	0.012224	0.012998	0.020547	0.014073	0.013185	0.011563	0.01393	0.0084149	0.010764	0.011394	0.0062138	0.0062436	0.012403	0.009495	0.007416	0.010682	0.011286	0.011699	0.011077	0.0062138	0.012383	0.011537	0.011776	0.012374	0.011901	0.011527	0.011907                                                              
CPA3   	0.0065826	0.0043901	0.0099178	0.0077974	0.0053477	0.0088617	0.0098194	0.0094327	0.010137	0.0093132	0.0087343	0.009126	0.010156	0.008359	0.0095051	0.0091872	0.009379	0.010045	0.00455	0.0059726	0.0076049	0.060038	0.19512	0.0082319	0.011005	0.010846	0.0096779	0.008304	0.0063723	0.009542	0.0090972	0.0086895	0.0090732	0.0099229	0.0081034	0.0098184	0.0091423	0.0090064	0.0096384	0.0090363	0.0099406	0.0096913	0.0078033	0.0096426	0.0080127	0.0097277	0.0095284	0.01024	0.011707	0.0070444	0.0093723	0.013509	0.011341	0.011001	0.0094851	0.010406	0.01317	0.03951	0.015492	0.0095509	0.0087708	0.014338	0.0054551	0.0080686	0.0081907	0.0038267	0.0035964	0.010104	0.0065394	0.0044423	0.0079567	0.0089389	0.0087527	0.0079169	0.0038267	0.011338	0.0091851	0.0093534	0.010653	0.0094332	0.0085152	0.0097449                
CRLF2  	0.0098776	0.0073875	0.010774	0.0059008	0.010129	0.013044	0.012765	0.014622	0.012927	0.015462	0.012738	0.012945	0.012915	0.013622	0.013077	0.0134	0.013384	0.013056	0.0094203	0.0091987	0.010606	0.011223	0.0082319	0.03665	0.012696	0.013032	0.0096999	0.011563	0.0084317	0.013078	0.012638	0.012485	0.01283	0.012907	0.012137	0.012665	0.012675	0.012258	0.012708	0.01241	0.012852	0.012889	0.012265	0.012668	0.012412	0.012946	0.013105	0.012857	0.012873	0.012736	0.013209	0.012814	0.012772	0.01261	0.012602	0.012999	0.012867	0.012143	0.012139	0.0085596	0.012529	0.012062	0.01091	0.010595	0.012662	0.0069833	0.0060564	0.012882	0.0097373	0.0094407	0.011236	0.011864	0.012686	0.011695	0.0069833	0.014017	0.012769	0.012803	0.012699	0.012856	0.013363	0.015287                                                            
CSF2   	0.011353	0.0097081	0.012578	0.008591	0.010345	0.012681	0.01266	0.012527	0.012515	0.012652	0.012712	0.012674	0.012642	0.012769	0.012672	0.012674	0.012673	0.012624	0.0097212	0.012799	0.012545	0.012267	0.011005	0.012696	0.012679	0.013029	0.012427	0.012932	0.0099142	0.012617	0.012598	0.012528	0.012633	0.012611	0.012594	0.012509	0.012591	0.012369	0.012498	0.012634	0.012675	0.012571	0.012621	0.012607	0.0127	0.012621	0.012669	0.01266	0.012685	0.011419	0.012664	0.012721	0.012537	0.012549	0.012465	0.012791	0.012607	0.012476	0.012564	0.01216	0.012595	0.012289	0.010376	0.011498	0.012662	0.0082937	0.010701	0.012668	0.01372	0.0097042	0.012992	0.0128	0.012669	0.012393	0.0082937	0.012617	0.012469	0.012602	0.012615	0.012711	0.012679	0.012646                                                                     
CSF3R  	0.011387	0.0090662	0.011904	0.006708	0.0093607	0.013051	0.012827	0.01274	0.012739	0.012922	0.012798	0.012995	0.012844	0.0131	0.013001	0.012908	0.012965	0.012997	0.0084596	0.010749	0.011522	0.01247	0.010846	0.013032	0.013029	0.017535	0.011137	0.01239	0.0096983	0.012914	0.012801	0.012691	0.012892	0.012897	0.012547	0.012763	0.012807	0.012569	0.012714	0.01299	0.01304	0.012844	0.01237	0.012797	0.012555	0.012951	0.012883	0.013157	0.0133	0.01248	0.012886	0.013907	0.012824	0.013181	0.012656	0.014248	0.012948	0.013111	0.012703	0.010345	0.012729	0.012387	0.0093747	0.011828	0.012786	0.0074765	0.007552	0.012931	0.011546	0.0084188	0.012183	0.012557	0.012868	0.012149	0.0074765	0.013307	0.012637	0.012897	0.012931	0.013182	0.012851	0.012978                                                                      
CYSLTR1	0.0079339	0.0057012	0.042091	0.0060613	0.0068595	0.010338	0.013633	0.010968	0.011655	0.011052	0.010605	0.010603	0.011789	0.010091	0.011128	0.011043	0.011136	0.011075	0.0060399	0.0084202	0.0093208	0.012974	0.0096779	0.0096999	0.012427	0.011137	0.066405	0.010616	0.0063595	0.010781	0.010503	0.010748	0.010411	0.011282	0.0097951	0.010887	0.010741	0.010464	0.010864	0.0099832	0.010885	0.011069	0.011275	0.012812	0.010651	0.010927	0.011183	0.011067	0.011828	0.007901	0.011317	0.012101	0.011144	0.010902	0.011698	0.011471	0.011716	0.012451	0.021062	0.075567	0.010257	0.011789	0.007124	0.0083481	0.0095635	0.0060711	0.0053732	0.011193	0.0092259	0.0059727	0.010569	0.010905	0.010317	0.0094422	0.0060711	0.011325	0.010616	0.010729	0.012021	0.010272	0.0095914	0.010892                                              
EPX    	0.010116	0.0078027	0.011248	0.0061127	0.0089874	0.011897	0.012744	0.012097	0.012067	0.012215	0.013095	0.012278	0.012684	0.012295	0.012655	0.012318	0.012417	0.01208	0.0082401	0.023872	0.01876	0.010909	0.008304	0.011563	0.012932	0.01239	0.010616	0.01709	0.0083343	0.012015	0.011892	0.012314	0.011855	0.012073	0.011555	0.011935	0.011939	0.011679	0.012186	0.011818	0.012133	0.012002	0.012084	0.012063	0.01175	0.012073	0.012184	0.012362	0.01262	0.0094606	0.012182	0.012141	0.012054	0.012011	0.012277	0.012497	0.012395	0.011623	0.011832	0.0096202	0.011826	0.011535	0.0090254	0.010309	0.011405	0.008141	0.027414	0.011897	0.024758	0.0082259	0.018163	0.015707	0.01177	0.01137	0.008141	0.012019	0.012144	0.011942	0.012109	0.011767	0.011459	0.012124                                                                  
FCER1A 	0.0082395	0.0056665	0.0074617	0.0037884	0.0062579	0.0093692	0.0098953	0.0099692	0.0099814	0.010034	0.010222	0.010948	0.010002	0.0088838	0.010246	0.010101	0.010081	0.010225	0.0059482	0.0060775	0.0077443	0.0093749	0.0063723	0.0084317	0.0099142	0.0096983	0.0063595	0.0083343	0.18793	0.010229	0.010462	0.0099514	0.010141	0.010269	0.0094734	0.01014	0.010333	0.010053	0.012099	0.011589	0.010914	0.0099907	0.0083936	0.010091	0.0089171	0.010376	0.010346	0.010435	0.010092	0.0065253	0.010286	0.010372	0.015301	0.013148	0.0098161	0.0098789	0.010216	0.010034	0.0094234	0.0054306	0.010356	0.00929	0.006216	0.080312	0.009212	0.0042337	0.0037813	0.0099482	0.0062889	0.00544	0.0079124	0.0091633	0.0095609	0.010447	0.0042337	0.010041	0.010045	0.010419	0.010274	0.010222	0.010132	0.010187                                 
FOXP3  	0.011787	0.010397	0.011581	0.0076343	0.010845	0.013139	0.012633	0.012748	0.012694	0.012891	0.012771	0.012914	0.012699	0.013062	0.012776	0.0129	0.01285	0.012924	0.010203	0.010416	0.011341	0.011854	0.009542	0.013078	0.012617	0.012914	0.010781	0.012015	0.010229	0.012973	0.012999	0.012702	0.013154	0.012891	0.013182	0.012812	0.012943	0.012705	0.012695	0.012995	0.012927	0.012835	0.012791	0.012794	0.013094	0.012918	0.012899	0.012857	0.012726	0.011892	0.012894	0.012841	0.012763	0.012753	0.012602	0.01284	0.012696	0.012296	0.012312	0.009957	0.013082	0.012328	0.010813	0.011781	0.013795	0.0084302	0.0076892	0.012965	0.010878	0.01021	0.011819	0.012214	0.013164	0.013122	0.0084302	0.012816	0.012707	0.012958	0.012792	0.013392	0.01371	0.012929                                                                     
GATA3  	0.011577	0.0099624	0.011466	0.0072323	0.010663	0.01322	0.012621	0.012717	0.012689	0.01285	0.012743	0.012915	0.012689	0.012824	0.012749	0.012881	0.012814	0.012913	0.0099719	0.010124	0.01118	0.011679	0.0090972	0.012638	0.012598	0.012801	0.010503	0.011892	0.010462	0.012999	0.013412	0.012663	0.01321	0.012933	0.013162	0.012831	0.013013	0.012728	0.012726	0.013068	0.012975	0.012916	0.012874	0.012903	0.014098	0.013018	0.012962	0.012861	0.012707	0.011679	0.013047	0.012788	0.012846	0.012778	0.012717	0.012807	0.012696	0.012192	0.012247	0.009615	0.013727	0.012281	0.010569	0.011939	0.013423	0.0087174	0.0073246	0.013019	0.010569	0.0099881	0.011677	0.012137	0.013363	0.015691	0.0087174	0.012786	0.012741	0.01309	0.01281	0.013224	0.013365	0.012898                                                                 
GPR44  	0.01902	0.019341	0.01142	0.0066136	0.010227	0.012679	0.012619	0.01257	0.012555	0.012741	0.01325	0.013023	0.012669	0.013435	0.012894	0.012898	0.013006	0.012608	0.009505	0.010961	0.011589	0.011368	0.0086895	0.012485	0.012528	0.012691	0.010748	0.012314	0.0099514	0.012702	0.012663	0.014172	0.012617	0.012656	0.012764	0.012554	0.012748	0.013442	0.012553	0.012799	0.012717	0.012576	0.012605	0.012618	0.012536	0.012703	0.012673	0.012635	0.01257	0.010334	0.012646	0.012553	0.012592	0.012919	0.012506	0.012744	0.012519	0.011992	0.012107	0.0097936	0.01265	0.011986	0.010232	0.011596	0.01241	0.0086025	0.0081941	0.012587	0.011481	0.009583	0.012102	0.012315	0.01282	0.012417	0.0086025	0.012556	0.012608	0.01273	0.012552	0.012556	0.012406	0.012609                                                                     
ICOS   	0.01126	0.0094484	0.011388	0.0072754	0.010638	0.013505	0.012623	0.012773	0.012723	0.012933	0.012733	0.012917	0.012723	0.012861	0.012772	0.012918	0.012845	0.013128	0.0098558	0.010013	0.011123	0.011706	0.0090732	0.01283	0.012633	0.012892	0.010411	0.011855	0.010141	0.013154	0.01321	0.012617	0.013559	0.013022	0.013182	0.012941	0.013046	0.012704	0.01274	0.013062	0.013002	0.012916	0.012735	0.012871	0.013228	0.013055	0.012965	0.012974	0.012769	0.011597	0.012968	0.01296	0.012873	0.012793	0.012678	0.012851	0.012739	0.012249	0.012274	0.0095118	0.013422	0.012334	0.010516	0.011717	0.014904	0.0084743	0.0071444	0.012963	0.010471	0.0099101	0.011625	0.012129	0.013288	0.013812	0.0084743	0.012856	0.012774	0.01312	0.012862	0.014035	0.014873	0.013057                                                                
IFNG   	0.011712	0.010242	0.011876	0.0085861	0.010755	0.013022	0.012635	0.012692	0.012661	0.012826	0.012732	0.012861	0.012677	0.012932	0.012738	0.01284	0.012796	0.01285	0.01013	0.010604	0.011433	0.011995	0.0099229	0.012907	0.012611	0.012897	0.011282	0.012073	0.010269	0.012891	0.012933	0.012656	0.013022	0.012846	0.013288	0.01276	0.012907	0.012658	0.012672	0.01315	0.012896	0.012785	0.012877	0.01277	0.013061	0.012861	0.012879	0.012807	0.012704	0.01162	0.01286	0.0128	0.012724	0.012725	0.01257	0.012813	0.012676	0.012347	0.012399	0.010625	0.013003	0.012394	0.010731	0.011809	0.01343	0.008336	0.0079485	0.012911	0.011088	0.010119	0.011903	0.012246	0.013066	0.013058	0.008336	0.012758	0.01266	0.012891	0.012769	0.013183	0.01337	0.012854                                                                              
IFNGR2 	0.013397	0.013607	0.011027	0.0070811	0.010968	0.013097	0.01254	0.012712	0.012793	0.01281	0.012661	0.012891	0.012712	0.012474	0.012727	0.012841	0.012742	0.012945	0.010264	0.0094443	0.01087	0.011272	0.0081034	0.012137	0.012594	0.012547	0.0097951	0.011555	0.0094734	0.013182	0.013162	0.012764	0.013182	0.013288	0.022158	0.013414	0.014406	0.013902	0.013123	0.013316	0.013091	0.012971	0.012316	0.013075	0.012995	0.013159	0.012936	0.012926	0.012697	0.01061	0.012968	0.012659	0.012798	0.012923	0.012589	0.012699	0.012723	0.011946	0.01209	0.0087868	0.013113	0.012359	0.010621	0.011676	0.013445	0.007206	0.0065766	0.012892	0.0098537	0.010028	0.011278	0.011887	0.01358	0.012536	0.007206	0.012724	0.012846	0.013311	0.012955	0.013137	0.013001	0.012831                                                                 
IL10   	0.011729	0.010442	0.0116	0.0090123	0.012607	0.012932	0.012513	0.012685	0.012647	0.012722	0.012619	0.01275	0.012582	0.012764	0.012637	0.01273	0.012685	0.012769	0.012286	0.01046	0.011326	0.011873	0.0098184	0.012665	0.012509	0.012763	0.010887	0.011935	0.01014	0.012812	0.012831	0.012554	0.012941	0.01276	0.013414	0.012766	0.012858	0.012617	0.012647	0.012879	0.012791	0.012694	0.012577	0.01268	0.012909	0.012767	0.012736	0.012713	0.012599	0.011637	0.012747	0.012677	0.012621	0.012625	0.012462	0.012687	0.012582	0.012219	0.012243	0.010165	0.012879	0.012345	0.012434	0.011697	0.013403	0.0082418	0.0078489	0.012791	0.010931	0.01229	0.011761	0.012115	0.012951	0.012823	0.0082418	0.012649	0.012685	0.012808	0.01268	0.013093	0.01329	0.012747                                                                         
IL12A  	0.012385	0.011589	0.011592	0.0074393	0.010999	0.013101	0.012611	0.012704	0.012689	0.012822	0.012744	0.012894	0.012678	0.012862	0.012745	0.012853	0.012803	0.012859	0.010387	0.010271	0.011273	0.0117	0.0091423	0.012675	0.012591	0.012807	0.010741	0.011939	0.010333	0.012943	0.013013	0.012748	0.013046	0.012907	0.014406	0.012858	0.013135	0.012919	0.012747	0.013085	0.012941	0.012837	0.012818	0.012834	0.013211	0.012929	0.012903	0.012825	0.01269	0.011696	0.012905	0.012753	0.01274	0.012776	0.012598	0.012793	0.012673	0.012191	0.012273	0.0099261	0.013072	0.012294	0.01089	0.011895	0.013302	0.0085441	0.0075366	0.012929	0.010713	0.010362	0.011735	0.012153	0.013213	0.013072	0.0085441	0.012756	0.012713	0.012987	0.012792	0.013117	0.01319	0.012842                                                                   
IL12B  	0.019149	0.025718	0.011289	0.0072798	0.010563	0.012735	0.012379	0.012412	0.012463	0.012529	0.012582	0.012642	0.012448	0.012528	0.012545	0.012565	0.012596	0.01257	0.0099371	0.010032	0.010995	0.011412	0.0090064	0.012258	0.012369	0.012569	0.010464	0.011679	0.010053	0.012705	0.012728	0.013442	0.012704	0.012658	0.013902	0.012617	0.012919	0.013887	0.012511	0.012798	0.012647	0.01259	0.012389	0.012618	0.012764	0.012714	0.012569	0.012555	0.012417	0.011218	0.012582	0.012473	0.012509	0.012849	0.012358	0.01254	0.012412	0.011941	0.011991	0.0096683	0.012718	0.012009	0.010478	0.011682	0.012806	0.0080997	0.0073554	0.012657	0.010515	0.0099224	0.011467	0.01187	0.013094	0.012594	0.0080997	0.012479	0.012501	0.012791	0.012496	0.012708	0.012693	0.01252                                                                
IL13   	0.011618	0.010129	0.011544	0.0083657	0.012249	0.01277	0.012518	0.01264	0.012586	0.012681	0.012664	0.012767	0.012562	0.012793	0.012639	0.012704	0.012671	0.012655	0.012265	0.011209	0.011795	0.011767	0.0096384	0.012708	0.012498	0.012714	0.010864	0.012186	0.012099	0.012695	0.012726	0.012553	0.01274	0.012672	0.013123	0.012647	0.012747	0.012511	0.012646	0.013065	0.012759	0.012614	0.012693	0.012609	0.012819	0.012684	0.01272	0.012652	0.01257	0.011352	0.012705	0.012594	0.012622	0.012632	0.012424	0.01266	0.01255	0.012155	0.012187	0.010102	0.012746	0.012217	0.012233	0.01291	0.012817	0.008191	0.0093551	0.012692	0.011478	0.012035	0.012066	0.012297	0.012803	0.01265	0.008191	0.012584	0.012632	0.012707	0.012612	0.01278	0.012795	0.012678                                                                          
IL13RA1	0.011856	0.0097612	0.011046	0.0067014	0.011006	0.013064	0.012637	0.012784	0.012734	0.012899	0.012888	0.013209	0.012729	0.012942	0.012891	0.012947	0.012887	0.012931	0.010448	0.0099028	0.01121	0.011685	0.0090363	0.01241	0.012634	0.01299	0.0099832	0.011818	0.011589	0.012995	0.013068	0.012799	0.013062	0.01315	0.013316	0.012879	0.013085	0.012798	0.013065	0.020654	0.013221	0.01281	0.012332	0.012843	0.012762	0.01301	0.012976	0.012958	0.012769	0.010422	0.012957	0.012861	0.013017	0.013278	0.01257	0.012922	0.012777	0.012294	0.012188	0.0089541	0.013129	0.012256	0.010803	0.013076	0.013056	0.0071476	0.0071786	0.012794	0.010238	0.010448	0.011537	0.012099	0.01309	0.012838	0.0071476	0.01278	0.01305	0.013063	0.012876	0.013094	0.012995	0.012894                                                                    
IL13RA2	0.011493	0.0095758	0.011664	0.0075089	0.010754	0.01304	0.012723	0.012766	0.012725	0.012895	0.012825	0.012977	0.012748	0.012935	0.012823	0.01292	0.012874	0.012887	0.010157	0.010593	0.011507	0.012085	0.0099406	0.012852	0.012675	0.01304	0.010885	0.012133	0.010914	0.012927	0.012975	0.012717	0.013002	0.012896	0.013091	0.012791	0.012941	0.012647	0.012759	0.013221	0.013139	0.012849	0.013389	0.012836	0.013258	0.012925	0.013112	0.012891	0.012788	0.011169	0.013021	0.012875	0.012804	0.012818	0.012623	0.012939	0.01277	0.012441	0.012394	0.01002	0.013002	0.012373	0.010729	0.012304	0.013126	0.0079178	0.0079296	0.012941	0.010997	0.010122	0.011951	0.01233	0.013077	0.012859	0.0079178	0.012802	0.012723	0.012937	0.01287	0.013097	0.013123	0.012927                                                                    
IL17A  	0.011541	0.010083	0.011731	0.0089266	0.010567	0.012982	0.012629	0.01264	0.012625	0.012773	0.012656	0.01278	0.012636	0.012894	0.012679	0.012802	0.012753	0.012781	0.0099278	0.0105	0.011341	0.011885	0.0096913	0.012889	0.012571	0.012844	0.011069	0.012002	0.0099907	0.012835	0.012916	0.012576	0.012916	0.012785	0.012971	0.012694	0.012837	0.01259	0.012614	0.01281	0.012849	0.012963	0.013633	0.012755	0.013432	0.012833	0.012947	0.012761	0.012659	0.016535	0.012892	0.012731	0.012659	0.012653	0.012555	0.012783	0.012644	0.012273	0.012328	0.010316	0.012914	0.012398	0.010561	0.011588	0.013065	0.0083987	0.0078261	0.013032	0.010991	0.0099143	0.011835	0.012182	0.013098	0.012916	0.0083987	0.012928	0.012591	0.012859	0.012732	0.012969	0.013044	0.012826                                                                 
IL17RB 	0.010251	0.0079162	0.011653	0.0062656	0.0089965	0.012742	0.013766	0.012692	0.012674	0.012868	0.012685	0.012756	0.01277	0.012359	0.01275	0.012956	0.012809	0.012709	0.0081527	0.010107	0.011133	0.011106	0.0078033	0.012265	0.012621	0.01237	0.011275	0.012084	0.0083936	0.012791	0.012874	0.012605	0.012735	0.012877	0.012316	0.012577	0.012818	0.012389	0.012693	0.012332	0.013389	0.013633	0.035048	0.012845	0.013511	0.012996	0.016293	0.012797	0.01271	0.011959	0.013544	0.012512	0.012674	0.012556	0.013172	0.012865	0.012851	0.011812	0.012303	0.009861	0.012753	0.012132	0.0090808	0.010587	0.012177	0.0094953	0.0069525	0.013077	0.010587	0.0080773	0.011949	0.012315	0.012973	0.012417	0.0094953	0.012687	0.012525	0.01282	0.012834	0.012444	0.012245	0.013114                                                             
IL18   	0.011775	0.010526	0.012956	0.0077526	0.010754	0.012924	0.012661	0.012631	0.012626	0.012745	0.012668	0.012779	0.012645	0.01277	0.012678	0.012769	0.012731	0.012756	0.010156	0.010618	0.011412	0.011917	0.0096426	0.012668	0.012607	0.012797	0.012812	0.012063	0.010091	0.012794	0.012903	0.012618	0.012871	0.01277	0.013075	0.01268	0.012834	0.012618	0.012609	0.012843	0.012836	0.012755	0.012845	0.012836	0.013708	0.012796	0.012836	0.012731	0.012662	0.011568	0.012907	0.012733	0.012649	0.012652	0.012572	0.012757	0.012636	0.012286	0.012646	0.012704	0.012898	0.012292	0.01074	0.011654	0.01299	0.0085992	0.0079652	0.012834	0.011126	0.010144	0.01191	0.012226	0.012984	0.012893	0.0085992	0.01269	0.012591	0.012821	0.012733	0.012923	0.012962	0.012764                                                                     
IL1RL1 	0.010728	0.0087032	0.011913	0.0065685	0.0096554	0.013197	0.012757	0.0128	0.012774	0.012899	0.012689	0.012885	0.012792	0.012496	0.012749	0.012944	0.012811	0.012976	0.0087727	0.00963	0.010899	0.011275	0.0080127	0.012412	0.0127	0.012555	0.010651	0.01175	0.0089171	0.013094	0.014098	0.012536	0.013228	0.013061	0.012995	0.012909	0.013211	0.012764	0.012819	0.012762	0.013258	0.013432	0.013511	0.013708	0.022327	0.013194	0.013349	0.012931	0.012739	0.01214	0.014313	0.012713	0.012849	0.012759	0.013018	0.012799	0.012803	0.011975	0.012303	0.0097744	0.013576	0.012291	0.0096196	0.011045	0.012906	0.0093639	0.0065332	0.013074	0.010149	0.0087379	0.011527	0.012062	0.013592	0.014185	0.0093639	0.012829	0.012759	0.013271	0.012953	0.012954	0.012858	0.013067                                                              
IL21   	0.011915	0.010633	0.011689	0.0074048	0.010631	0.013169	0.012646	0.012707	0.012669	0.01285	0.012754	0.012886	0.012689	0.012922	0.012758	0.012861	0.012819	0.012868	0.0099662	0.010571	0.011427	0.011905	0.0097277	0.012946	0.012621	0.012951	0.010927	0.012073	0.010376	0.012918	0.013018	0.012703	0.013055	0.012861	0.013159	0.012767	0.012929	0.012714	0.012684	0.01301	0.012925	0.012833	0.012996	0.012796	0.013194	0.012913	0.012926	0.012832	0.012722	0.012006	0.012902	0.012816	0.012752	0.012758	0.012615	0.01285	0.012693	0.012325	0.012337	0.010147	0.01313	0.012299	0.010585	0.011887	0.01331	0.0085614	0.0079105	0.012962	0.011041	0.0099707	0.011898	0.012256	0.013168	0.013405	0.0085614	0.012804	0.012681	0.012951	0.012778	0.013153	0.013289	0.01288                                                                  
IL25   	0.011122	0.0090952	0.011803	0.0070987	0.010251	0.013007	0.012872	0.012762	0.012701	0.012919	0.012806	0.012925	0.01275	0.012847	0.012806	0.012923	0.012863	0.012856	0.0095854	0.010666	0.011516	0.011892	0.0095284	0.013105	0.012669	0.012883	0.011183	0.012184	0.010346	0.012899	0.012962	0.012673	0.012965	0.012879	0.012936	0.012736	0.012903	0.012569	0.01272	0.012976	0.013112	0.012947	0.016293	0.012836	0.013349	0.012926	0.013531	0.01286	0.012769	0.011281	0.013089	0.012803	0.012769	0.012741	0.012725	0.012905	0.012769	0.012317	0.012406	0.010269	0.012981	0.012302	0.010279	0.011867	0.013004	0.0087942	0.0079435	0.012955	0.011108	0.0095185	0.012027	0.012363	0.013055	0.012894	0.0087942	0.012789	0.012668	0.012909	0.012839	0.013002	0.013051	0.01298                                                               
IL2RA  	0.011441	0.0096441	0.011751	0.0075829	0.010585	0.013	0.012657	0.012677	0.01264	0.012815	0.012768	0.012858	0.012697	0.012925	0.012763	0.012832	0.012803	0.012838	0.0099326	0.011313	0.011852	0.012086	0.01024	0.012857	0.01266	0.013157	0.011067	0.012362	0.010435	0.012857	0.012861	0.012635	0.012974	0.012807	0.012926	0.012713	0.012825	0.012555	0.012652	0.012958	0.012891	0.012761	0.012797	0.012731	0.012931	0.012832	0.01286	0.012827	0.012755	0.011924	0.012838	0.012869	0.012715	0.012724	0.012571	0.01291	0.0127	0.012439	0.01238	0.010313	0.012908	0.012303	0.010555	0.011914	0.013322	0.008449	0.0089753	0.012852	0.01174	0.0099244	0.012254	0.012471	0.012964	0.012801	0.008449	0.012784	0.012637	0.012844	0.012754	0.013166	0.013319	0.012846                                                                          
