       	ADAM33 	ALOX5  	ARG1   	BCL6   	CCL11  	CCL17  	CCL2   	CCL22  	CCL24  	CCL26  	CCL5   	CCL8   	CCR3   	CCR4   	CCR8   	CD40LG 	CLC    	CLCA1  	CMA1   	CRLF2  	CSF2   	CSF3R  	CYSLTR1	EPX    	FCER1A 	FOXP3  	GATA3  	GPR44  	ICOS   	IFNG   	IFNGR2 	IL10   	IL12A  	IL12B  	IL13   	IL13RA1	IL13RA2	IL17A  	IL17RB 	IL18   	IL1RL1 	IL21   	IL25   	IL2RA  	IL3    	IL33   	IL3RA  	IL4    	IL4R   	IL5    	IL5RA  	IL9    	KIT    	KITLG  	LTB4R  	MAF    	MMP9   	MS4A2  	PDCD1  	POSTN  	PPARG  	RETNLB 	RNASE2 	RNASE3 	RORC   	SATB1  	STAT5A 	STAT6  	TBX21  	TGFB1  	TNFRSF4	TNFSF4 	TSLP   
ADAM33 	0.39806	0.0060719	0.0015138	0.0074971	0.010469	0.009059	0.0091935	0.00849	0.0064603	0.0082179	0.0086595	0.0066548	0.0083332	0.0077301	0.0075954	0.0091873	7.7456e-05	0.0041348	0.0062848	0.0062383	0.0093825	0.0064041	0.0022388	0.0015807	0.0038488	0.0094246	0.0091375	0.0075433	0.0084752	0.010585	0.0083807	0.010914	0.0096673	0.012051	0.011278	0.018301	0.018301	0.009345	0.0067705	0.0091671	0.0077453	0.0093245	0.0086139	0.011963	0.0097478	0.0085809	0.014092	0.010723	0.03946	0.0098182	0.008306	0.011166	0.0094519	0.0082955	0.0028853	0.0069528	0.0086479	0.0012648	0.0061313	0.0013804	0.0084374	0.0044597	0.00035971	0.0055398	0.0077196	0.0074867	0.010465	0.011875	0.0095297	0.0089467	0.0065108	0.002325	0.0090684                                                                              
ALOX5  	0.0060719	0.05873	0.0018992	0.012478	0.012543	0.012724	0.013395	0.012686	0.011547	0.012173	0.013093	0.010827	0.012482	0.012015	0.011979	0.014163	0.00023687	0.0055618	0.011329	0.0098253	0.01591	0.013389	0.09413	0.0033046	0.0053215	0.012946	0.013002	0.012193	0.012683	0.013273	0.010946	0.013317	0.012564	0.012827	0.013073	0.011729	0.011729	0.013423	0.012454	0.017623	0.015064	0.013254	0.013052	0.013141	0.013834	0.014413	0.013755	0.012903	0.012391	0.014407	0.014448	0.013434	0.01426	0.017508	0.054543	0.010973	0.01341	0.0019516	0.0098617	0.0020877	0.012348	0.0052093	0.0009173	0.0090801	0.012271	0.012298	0.01321	0.012652	0.013291	0.013959	0.0082	0.003214	0.013062                                                                                                                            
ARG1   	0.0015138	0.0018992	0.51624	0.0018674	0.0037544	0.0040483	0.0032161	0.0029255	0.0019733	0.0048054	0.0029291	0.0018328	0.0028612	0.0028181	0.0026463	0.0028832	1.1697e-05	0.0011135	0.001482	0.0012997	0.0028426	0.0013236	0.00052489	0.00035344	0.0010328	0.0041365	0.0043958	0.0023086	0.0029525	0.0038727	0.0029576	0.0040443	0.0049936	0.0046581	0.0040372	0.0061511	0.0061511	0.0038325	0.0020324	0.0041156	0.0028588	0.0030572	0.0026186	0.0029727	0.0027562	0.0029052	0.0026066	0.0037901	0.0044597	0.0034237	0.0022009	0.0037049	0.002182	0.0022757	0.00060297	0.0023512	0.002741	0.00026411	0.0017633	0.00028729	0.002568	0.27928	6.5645e-05	0.0015756	0.002734	0.0024887	0.0027665	0.017918	0.0044167	0.0029349	0.0014515	0.00036867	0.0027758                                                           
BCL6   	0.0074971	0.012478	0.0018674	0.071714	0.014493	0.01471	0.014823	0.014836	0.013361	0.013974	0.014748	0.014715	0.014506	0.014141	0.013936	0.015367	0.00026137	0.0059703	0.011938	0.017868	0.01573	0.017177	0.0062454	0.0037473	0.0058907	0.01586	0.014799	0.013905	0.01546	0.015346	0.01259	0.015172	0.014636	0.014845	0.014782	0.013286	0.013286	0.015491	0.014121	0.014882	0.014638	0.020408	0.01454	0.015812	0.016126	0.014691	0.015576	0.014674	0.014614	0.016492	0.01567	0.01564	0.01612	0.014778	0.0072509	0.012885	0.014878	0.0020827	0.011738	0.0021214	0.01588	0.0055126	0.0010257	0.010436	0.017106	0.013959	0.019302	0.014319	0.015978	0.015003	0.0098098	0.0038922	0.016584                                                                                                                             
CCL11  	0.010469	0.012543	0.0037544	0.014493	0.016291	0.01625	0.016027	0.016513	0.018012	0.016848	0.01641	0.017695	0.016766	0.017103	0.017407	0.015562	0.0017179	0.0079596	0.012422	0.012731	0.015092	0.012493	0.0064959	0.011503	0.007535	0.015559	0.015213	0.018037	0.01498	0.015522	0.014687	0.015258	0.015328	0.015391	0.015204	0.015218	0.015218	0.015542	0.016135	0.015275	0.015491	0.015283	0.016123	0.014953	0.01526	0.015653	0.015126	0.015011	0.015009	0.015597	0.015161	0.01514	0.014814	0.014	0.0071502	0.013994	0.015921	0.0033986	0.012403	0.0037174	0.016012	0.0079754	0.0048073	0.017407	0.015754	0.014647	0.015045	0.015163	0.015374	0.015374	0.010488	0.0048265	0.01526                                                                                                                                 
CCL17  	0.009059	0.012724	0.0040483	0.01471	0.01625	0.016694	0.016381	0.017017	0.019268	0.017601	0.016788	0.019014	0.017328	0.017908	0.018136	0.015866	0.00044399	0.0082425	0.011896	0.014469	0.01534	0.012754	0.0065444	0.0051827	0.0078257	0.015839	0.015433	0.018234	0.015233	0.015792	0.015102	0.015513	0.015622	0.015649	0.01539	0.015426	0.015426	0.015663	0.014856	0.015473	0.015506	0.015496	0.015576	0.0152	0.015535	0.015574	0.015363	0.015253	0.01511	0.015684	0.015306	0.015259	0.015098	0.014127	0.0071322	0.014304	0.016115	0.0035965	0.012649	0.0039298	0.015853	0.0083884	0.0015922	0.012289	0.015606	0.014905	0.015405	0.015419	0.015592	0.015606	0.010716	0.0049396	0.015735                                                                                                                            
CCL2   	0.0091935	0.013395	0.0032161	0.014823	0.016027	0.016381	0.016248	0.016636	0.017983	0.016933	0.016534	0.01776	0.0168	0.017198	0.017333	0.015965	0.00040634	0.008228	0.012139	0.013091	0.015483	0.013524	0.0075141	0.0048712	0.0077602	0.015922	0.015608	0.017443	0.01557	0.015852	0.015861	0.015673	0.015869	0.015801	0.015436	0.015356	0.015356	0.015802	0.015175	0.015654	0.015918	0.015623	0.015676	0.015307	0.015588	0.015809	0.015507	0.015295	0.015146	0.01567	0.015513	0.015324	0.015289	0.014325	0.0077847	0.014761	0.016273	0.0035187	0.013965	0.0038934	0.016103	0.0075508	0.0014719	0.011881	0.016012	0.015017	0.015391	0.015385	0.015762	0.015837	0.01092	0.0051194	0.015543                                                                                                                           
CCL22  	0.00849	0.012686	0.0029255	0.014836	0.016513	0.017017	0.016636	0.01744	0.02025	0.018067	0.017143	0.019987	0.01781	0.018538	0.018809	0.016013	0.00045406	0.0072537	0.011619	0.014775	0.015422	0.01277	0.006351	0.0053142	0.0070728	0.015984	0.015418	0.018911	0.015306	0.015918	0.01511	0.015599	0.015678	0.015714	0.015382	0.014941	0.014941	0.015753	0.014797	0.015525	0.015442	0.015589	0.015568	0.015235	0.015621	0.015531	0.015341	0.015257	0.015036	0.015822	0.015319	0.0153	0.015068	0.014111	0.0069186	0.014058	0.016283	0.0028582	0.012719	0.0029654	0.016011	0.0072272	0.0016318	0.012553	0.015783	0.014661	0.015543	0.015393	0.015672	0.01569	0.010324	0.004395	0.015907                                                                                                                                
CCL24  	0.0064603	0.011547	0.0019733	0.013361	0.018012	0.019268	0.017983	0.02025	0.046829	0.022682	0.019288	0.027568	0.02292	0.025839	0.026377	0.015606	0.0003208	0.0056167	0.0092171	0.010681	0.014631	0.010241	0.0050854	0.0045908	0.0058204	0.01566	0.014366	0.02341	0.014013	0.015677	0.012275	0.014863	0.014305	0.014841	0.014715	0.01307	0.01307	0.015019	0.013521	0.014774	0.014009	0.014572	0.014726	0.014308	0.015048	0.014352	0.01409	0.014739	0.014096	0.016391	0.013999	0.014464	0.013431	0.012796	0.0054208	0.011664	0.015555	0.0020246	0.0099337	0.001878	0.01457	0.0058293	0.0012655	0.01236	0.01362	0.013436	0.014751	0.014963	0.014635	0.014385	0.0085627	0.0030589	0.015317                                                                                                                             
CCL26  	0.0082179	0.012173	0.0048054	0.013974	0.016848	0.017601	0.016933	0.018067	0.022682	0.022169	0.017598	0.02212	0.019023	0.02033	0.020647	0.015793	0.00032696	0.0065981	0.01072	0.011657	0.015077	0.011344	0.0058182	0.0045223	0.0081666	0.01585	0.015302	0.019917	0.014866	0.015817	0.014081	0.015381	0.015374	0.015529	0.015255	0.015351	0.015351	0.015498	0.014099	0.015329	0.015039	0.015197	0.015169	0.014993	0.015363	0.015206	0.015024	0.015355	0.014986	0.015866	0.014669	0.015013	0.014553	0.013626	0.0063663	0.013851	0.015867	0.0038537	0.011448	0.0024709	0.01536	0.0094304	0.0012703	0.011893	0.014862	0.014923	0.015083	0.015748	0.015392	0.015169	0.010505	0.0047912	0.015448                                                                                                                         
CCL5   	0.0086595	0.013093	0.0029291	0.014748	0.01641	0.016788	0.016534	0.017143	0.019288	0.017598	0.017031	0.019005	0.017506	0.017972	0.018358	0.01606	0.00043159	0.0074038	0.011844	0.01297	0.015499	0.013419	0.0069769	0.0051295	0.0071103	0.015963	0.015487	0.019095	0.01549	0.015912	0.015157	0.015673	0.015707	0.015726	0.015403	0.014986	0.014986	0.01581	0.015083	0.015611	0.015658	0.015602	0.015664	0.015272	0.015628	0.015664	0.015431	0.015265	0.01506	0.015802	0.015488	0.015322	0.015184	0.014235	0.0073923	0.01431	0.016413	0.0028948	0.013717	0.0030976	0.016168	0.0072115	0.0015599	0.01232	0.015893	0.014707	0.01544	0.015374	0.015711	0.015824	0.010484	0.0045763	0.015633                                                                                                                             
CCL8   	0.0066548	0.010827	0.0018328	0.014715	0.017695	0.019014	0.01776	0.019987	0.027568	0.02212	0.019005	0.046879	0.022608	0.025573	0.025994	0.015448	0.00020367	0.0054196	0.0097982	0.014915	0.0149	0.014261	0.0046055	0.0036232	0.0057093	0.015694	0.014002	0.022625	0.013828	0.015641	0.012121	0.014842	0.014221	0.014692	0.014577	0.012921	0.012921	0.014934	0.012156	0.014468	0.013203	0.014712	0.013923	0.014494	0.015279	0.013711	0.014242	0.014663	0.014159	0.015712	0.013715	0.014586	0.014357	0.013284	0.0056548	0.01125	0.015606	0.0019516	0.0097378	0.0017554	0.01522	0.0055937	0.000896	0.010998	0.013921	0.012267	0.016747	0.014772	0.014665	0.014488	0.0086539	0.003114	0.015912                                                                                                                         
CCR3   	0.0083332	0.012482	0.0028612	0.014506	0.016766	0.017328	0.0168	0.01781	0.02292	0.019023	0.017506	0.022608	0.018699	0.019622	0.020147	0.015875	0.00043332	0.0069442	0.01148	0.012886	0.015265	0.012482	0.0063133	0.0051703	0.0075229	0.015816	0.015184	0.020383	0.014966	0.01581	0.01439	0.015399	0.015319	0.015469	0.015218	0.014715	0.014715	0.015546	0.014462	0.015328	0.0151	0.015321	0.015359	0.015072	0.015519	0.015257	0.015194	0.015181	0.014884	0.015852	0.015217	0.015147	0.014925	0.01396	0.0069648	0.013684	0.01606	0.0033776	0.011986	0.0027837	0.015661	0.0070868	0.0015685	0.012463	0.015155	0.014547	0.015395	0.015294	0.015394	0.015374	0.010398	0.0046989	0.015612                                                                                                                               
CCR4   	0.0077301	0.012015	0.0028181	0.014141	0.017103	0.017908	0.017198	0.018538	0.025839	0.02033	0.017972	0.025573	0.019622	0.021303	0.021479	0.015926	0.0003915	0.0066445	0.010493	0.01256	0.015172	0.012006	0.0054605	0.004984	0.0066773	0.015997	0.015088	0.020316	0.014923	0.015915	0.014169	0.015428	0.015331	0.015507	0.015207	0.014447	0.014447	0.015568	0.014034	0.015288	0.014859	0.01528	0.015161	0.014965	0.015429	0.015076	0.014886	0.015147	0.014788	0.015941	0.0146	0.015012	0.014503	0.013614	0.0060607	0.013252	0.016177	0.0025698	0.011792	0.0025301	0.015749	0.0070765	0.0014638	0.012422	0.015262	0.014003	0.015452	0.015385	0.015418	0.015338	0.0096992	0.0038612	0.015675                                                                                                                          
CCR8   	0.0075954	0.011979	0.0026463	0.013936	0.017407	0.018136	0.017333	0.018809	0.026377	0.020647	0.018358	0.025994	0.020147	0.021479	0.022306	0.015917	0.00041343	0.0065471	0.01037	0.012312	0.015127	0.011749	0.005423	0.005213	0.0066478	0.01586	0.014936	0.022656	0.014693	0.015885	0.013675	0.015328	0.015097	0.015371	0.015165	0.014286	0.014286	0.015486	0.014032	0.015222	0.014709	0.015141	0.015224	0.014878	0.01541	0.015004	0.014815	0.015097	0.014721	0.016018	0.014604	0.014977	0.014399	0.013526	0.0059836	0.012821	0.016152	0.0025721	0.011196	0.0024713	0.015584	0.0068379	0.0015412	0.012808	0.01478	0.013871	0.015362	0.015324	0.015246	0.015186	0.0095179	0.0037227	0.015652                                                                                                                         
CD40LG 	0.0091873	0.014163	0.0028832	0.015367	0.015562	0.015866	0.015965	0.016013	0.015606	0.015793	0.01606	0.015448	0.015875	0.015926	0.015917	0.016267	0.00030352	0.0074636	0.012817	0.013255	0.015754	0.014531	0.0084673	0.0041657	0.0073462	0.015993	0.015876	0.016066	0.016395	0.015877	0.015663	0.015974	0.015971	0.015847	0.015432	0.015237	0.015237	0.015881	0.014918	0.015855	0.016201	0.015879	0.015518	0.015651	0.015838	0.015925	0.016005	0.015386	0.015221	0.015622	0.016305	0.015508	0.015906	0.014742	0.0085768	0.016206	0.016184	0.0030316	0.017379	0.0031067	0.015925	0.0071767	0.0011724	0.01105	0.016117	0.015131	0.015521	0.015325	0.015967	0.016045	0.012155	0.0064215	0.015577                                                                                                                      
CLC    	7.7456e-05	0.00023687	1.1697e-05	0.00026137	0.0017179	0.00044399	0.00040634	0.00045406	0.0003208	0.00032696	0.00043159	0.00020367	0.00043332	0.0003915	0.00041343	0.00030352	0.52374	6.4888e-05	0.00010858	9.9143e-05	0.00028582	9.6309e-05	4.8332e-05	0.12058	5.9492e-05	0.00029046	0.00028739	0.00052337	0.00026186	0.00035299	0.00013128	0.00029431	0.00021943	0.00029683	0.00035078	0.00019017	0.00019017	0.00034609	0.00030491	0.00030414	0.00028259	0.00029005	0.00047095	0.00028428	0.00029316	0.00031094	0.00027449	0.00032383	0.00035971	0.00098962	0.00028057	0.00036943	0.00017999	0.00023869	4.8416e-05	0.00013293	0.000246	1.0508e-05	9.6645e-05	1.1519e-05	0.00035342	6.5645e-05	0.30828	0.027962	0.00018644	0.00027076	0.00026876	0.00035344	0.00028327	0.00021415	9.5178e-05	1.6907e-05	0.00030128
CLCA1  	0.0041348	0.0055618	0.0011135	0.0059703	0.0079596	0.0082425	0.008228	0.0072537	0.0056167	0.0065981	0.0074038	0.0054196	0.0069442	0.0066445	0.0065471	0.0074636	6.4888e-05	0.25266	0.0049366	0.0051826	0.0079211	0.0049401	0.0022218	0.001285	0.002926	0.0075267	0.0082807	0.0063463	0.0069876	0.0081248	0.0063552	0.0081185	0.0074405	0.0084636	0.018581	0.010607	0.010607	0.0082044	0.0069045	0.0084506	0.0076539	0.0081472	0.0094963	0.0073232	0.0079992	0.0094507	0.0071654	0.0079024	0.0085235	0.0076904	0.0068637	0.008182	0.006724	0.0066206	0.0025524	0.0060657	0.0090611	0.00099065	0.0049595	0.27814	0.0071379	0.003211	0.00029741	0.0043921	0.006801	0.0063734	0.007036	0.0083896	0.0076047	0.0090133	0.0042278	0.0014489	0.0083193                                                                     
CMA1   	0.0062848	0.011329	0.001482	0.011938	0.012422	0.011896	0.012139	0.011619	0.0092171	0.01072	0.011844	0.0097982	0.01148	0.010493	0.01037	0.012817	0.00010858	0.0049366	0.17192	0.011117	0.015291	0.011643	0.012626	0.0021611	0.0052503	0.012422	0.011709	0.010324	0.011425	0.013125	0.0093503	0.012546	0.011607	0.012045	0.013144	0.01145	0.01145	0.012956	0.011069	0.012331	0.010992	0.013882	0.014173	0.014138	0.016597	0.012097	0.014708	0.013446	0.013177	0.013352	0.017941	0.025083	0.019408	0.036771	0.025609	0.0094003	0.012703	0.0018367	0.0075583	0.001659	0.011961	0.0044985	0.00049954	0.0073521	0.011235	0.010289	0.015123	0.012377	0.012295	0.01621	0.0082816	0.0030589	0.014434                                                                                                                       
CRLF2  	0.0062383	0.0098253	0.0012997	0.017868	0.012731	0.014469	0.013091	0.014775	0.010681	0.011657	0.01297	0.014915	0.012886	0.01256	0.012312	0.013255	9.9143e-05	0.0051826	0.011117	0.16899	0.015147	0.019478	0.0045121	0.0021021	0.0050157	0.013756	0.012202	0.011334	0.012265	0.013666	0.009889	0.013362	0.012246	0.01263	0.013589	0.011423	0.011423	0.01339	0.010139	0.012592	0.011203	0.01535	0.01179	0.014357	0.016015	0.01186	0.014065	0.013346	0.013295	0.013672	0.013835	0.01524	0.016226	0.014317	0.0062549	0.0097145	0.013035	0.0016894	0.0084076	0.0017659	0.014572	0.0042426	0.0004709	0.0073831	0.012982	0.010401	0.024732	0.012385	0.013665	0.013179	0.0081881	0.0029636	0.032317                                                                                                                        
CSF2   	0.0093825	0.01591	0.0028426	0.01573	0.015092	0.01534	0.015483	0.015422	0.014631	0.015077	0.015499	0.0149	0.015265	0.015172	0.015127	0.015754	0.00028582	0.0079211	0.015291	0.015147	0.016102	0.02157	0.012792	0.0039376	0.0076854	0.015518	0.015254	0.015154	0.015262	0.015487	0.014709	0.01542	0.015347	0.015333	0.015176	0.015018	0.015018	0.015513	0.014686	0.015596	0.015559	0.015642	0.015254	0.015468	0.015932	0.015488	0.016174	0.015106	0.015024	0.015372	0.017343	0.015647	0.016599	0.01562	0.012364	0.014426	0.01589	0.0034886	0.013566	0.003684	0.01578	0.006961	0.0011035	0.010585	0.015742	0.014667	0.015995	0.014917	0.015504	0.015893	0.011644	0.0060446	0.015666                                                                                                                                  
CSF3R  	0.0064041	0.013389	0.0013236	0.017177	0.012493	0.012754	0.013524	0.01277	0.010241	0.011344	0.013419	0.014261	0.012482	0.012006	0.011749	0.014531	9.6309e-05	0.0049401	0.011643	0.019478	0.02157	0.16028	0.0069744	0.0020526	0.0049036	0.013861	0.01242	0.011194	0.012664	0.014033	0.010364	0.014073	0.012593	0.012888	0.013312	0.011342	0.011342	0.01392	0.010328	0.013726	0.011777	0.01465	0.011662	0.015086	0.015798	0.012154	0.015766	0.013241	0.013443	0.013628	0.016215	0.014835	0.018178	0.015579	0.0078996	0.0099127	0.014658	0.0016294	0.0091904	0.0016446	0.014858	0.0042855	0.00045826	0.0072525	0.0131	0.010398	0.023931	0.012429	0.01386	0.014914	0.0085651	0.0031926	0.015948                                                                                                                        
CYSLTR1	0.0022388	0.09413	0.00052489	0.0062454	0.0064959	0.0065444	0.0075141	0.006351	0.0050854	0.0058182	0.0069769	0.0046055	0.0063133	0.0054605	0.005423	0.0084673	4.8332e-05	0.0022218	0.012626	0.0045121	0.012792	0.0069744	0.26443	0.0011076	0.0023347	0.0069076	0.0067642	0.0056416	0.0064895	0.0076014	0.0044767	0.0076565	0.0062206	0.0067303	0.0075096	0.0054203	0.0054203	0.0076062	0.0057295	0.014368	0.0081037	0.007536	0.0066134	0.0077229	0.0094158	0.007974	0.0084055	0.007792	0.0067185	0.0099416	0.0085299	0.0090669	0.011291	0.027871	0.18736	0.0046497	0.0073762	0.00064319	0.0038662	0.0006047	0.0059779	0.0019773	0.00023695	0.0041897	0.0055715	0.0058576	0.0084963	0.006882	0.0073468	0.009861	0.003702	0.0010467	0.0075839                                                                        
EPX    	0.0015807	0.0033046	0.00035344	0.0037473	0.011503	0.0051827	0.0048712	0.0053142	0.0045908	0.0045223	0.0051295	0.0036232	0.0051703	0.004984	0.005213	0.0041657	0.12058	0.001285	0.0021611	0.0021021	0.0039376	0.0020526	0.0011076	0.28283	0.0012004	0.0040367	0.0039648	0.0061454	0.0037153	0.0044005	0.0026167	0.0040096	0.0035295	0.004038	0.0043387	0.0032469	0.0032469	0.0043619	0.0043346	0.0041212	0.0040203	0.003996	0.0054704	0.0039019	0.0040204	0.0042732	0.0038601	0.0041187	0.0043188	0.0074402	0.0039655	0.0044453	0.0031631	0.0034064	0.0011221	0.0025931	0.0038635	0.00032383	0.002057	0.00035078	0.0045273	0.0012878	0.21566	0.12801	0.0033082	0.0038491	0.0037732	0.0043264	0.0039496	0.0035249	0.0018614	0.00051293	0.0040808                                                                    
FCER1A 	0.0038488	0.0053215	0.0010328	0.0058907	0.007535	0.0078257	0.0077602	0.0070728	0.0058204	0.0081666	0.0071103	0.0057093	0.0075229	0.0066773	0.0066478	0.0073462	5.9492e-05	0.002926	0.0052503	0.0050157	0.0076854	0.0049036	0.0023347	0.0012004	0.2503	0.0074574	0.0084634	0.0063284	0.0072391	0.0078258	0.0064675	0.007835	0.0082379	0.0081196	0.0079024	0.0093834	0.0093834	0.0077909	0.0056367	0.007921	0.0071589	0.0079059	0.0067315	0.008198	0.0080564	0.0082256	0.0087827	0.015418	0.0081389	0.0075567	0.0066539	0.007784	0.0087227	0.0074983	0.0031136	0.0095709	0.0071841	0.27691	0.0049139	0.00099065	0.0081913	0.0030214	0.00027485	0.0041677	0.0070192	0.009748	0.0071849	0.0080522	0.0080656	0.007161	0.0086082	0.0041899	0.0078508                                                                    
FOXP3  	0.0094246	0.012946	0.0041365	0.01586	0.015559	0.015839	0.015922	0.015984	0.01566	0.01585	0.015963	0.015694	0.015816	0.015997	0.01586	0.015993	0.00029046	0.0075267	0.012422	0.013756	0.015518	0.013861	0.0069076	0.0040367	0.0074574	0.016197	0.016028	0.015712	0.016311	0.015942	0.01737	0.015945	0.01643	0.016119	0.015446	0.015493	0.015493	0.016012	0.015054	0.015706	0.016132	0.016017	0.015432	0.015485	0.015595	0.015824	0.015593	0.015406	0.015244	0.01555	0.015384	0.015374	0.015417	0.01443	0.0076786	0.016476	0.016263	0.0031392	0.016327	0.0031775	0.016657	0.008532	0.0011271	0.01086	0.017611	0.015631	0.015533	0.015493	0.016203	0.016044	0.011515	0.0057682	0.015542                                                                                                                              
GATA3  	0.0091375	0.013002	0.0043958	0.014799	0.015213	0.015433	0.015608	0.015418	0.014366	0.015302	0.015487	0.014002	0.015184	0.015088	0.014936	0.015876	0.00028739	0.0082807	0.011709	0.012202	0.015254	0.01242	0.0067642	0.0039648	0.0084634	0.016028	0.017748	0.014927	0.017002	0.015777	0.015895	0.015908	0.01613	0.015913	0.015495	0.015811	0.015811	0.016018	0.015315	0.015949	0.018177	0.015777	0.015657	0.015295	0.01533	0.016655	0.015409	0.015778	0.015165	0.015634	0.015021	0.015172	0.01505	0.014082	0.00721	0.02322	0.015778	0.00397	0.015664	0.0039333	0.015844	0.0088172	0.0011098	0.010688	0.016412	0.022588	0.014996	0.015542	0.016205	0.015711	0.011276	0.005377	0.015135                                                                                                                              
GPR44  	0.0075433	0.012193	0.0023086	0.013905	0.018037	0.018234	0.017443	0.018911	0.02341	0.019917	0.019095	0.022625	0.020383	0.020316	0.022656	0.016066	0.00052337	0.0063463	0.010324	0.011334	0.015154	0.011194	0.0056416	0.0061454	0.0063284	0.015712	0.014927	0.029464	0.01465	0.015931	0.013292	0.015337	0.014948	0.015312	0.015209	0.014037	0.014037	0.015563	0.01467	0.015294	0.014843	0.015109	0.015716	0.014833	0.015409	0.015177	0.014776	0.015065	0.014702	0.016222	0.014769	0.015031	0.014214	0.013464	0.0060332	0.012596	0.016336	0.0023223	0.011028	0.0022973	0.015662	0.0063801	0.0018924	0.014128	0.014614	0.014035	0.015034	0.015256	0.015174	0.015157	0.0092712	0.0035024	0.015533                                                                                                                      
ICOS   	0.0084752	0.012683	0.0029525	0.01546	0.01498	0.015233	0.01557	0.015306	0.014013	0.014866	0.01549	0.013828	0.014966	0.014923	0.014693	0.016395	0.00026186	0.0069876	0.011425	0.012265	0.015262	0.012664	0.0064895	0.0037153	0.0072391	0.016311	0.017002	0.01465	0.020121	0.015873	0.015961	0.017037	0.016286	0.015949	0.015218	0.014875	0.014875	0.015996	0.014649	0.015694	0.016194	0.01607	0.014927	0.015365	0.015274	0.015604	0.015224	0.015413	0.014936	0.015362	0.014908	0.015015	0.014908	0.013941	0.0069799	0.025313	0.015764	0.002942	0.036197	0.0027861	0.015807	0.007209	0.0010231	0.010265	0.016823	0.015644	0.015087	0.015271	0.01648	0.015887	0.010844	0.0048686	0.015031                                                                                                                             
IFNG   	0.010585	0.013273	0.0038727	0.015346	0.015522	0.015792	0.015852	0.015918	0.015677	0.015817	0.015912	0.015641	0.01581	0.015915	0.015885	0.015877	0.00035299	0.0081248	0.013125	0.013666	0.015487	0.014033	0.0076014	0.0044005	0.0078258	0.015942	0.015777	0.015931	0.015873	0.015883	0.0187	0.015769	0.016457	0.016137	0.015409	0.015617	0.015617	0.015814	0.015038	0.015621	0.015954	0.015737	0.015483	0.0154	0.015577	0.015759	0.015637	0.015324	0.015307	0.015487	0.015664	0.015384	0.015496	0.014545	0.0082277	0.015701	0.016087	0.0035525	0.015114	0.0037933	0.016045	0.0082167	0.0012981	0.011173	0.016311	0.015346	0.015413	0.015411	0.015923	0.015898	0.011517	0.0058657	0.015463                                                                                                                          
IFNGR2 	0.0083807	0.010946	0.0029576	0.01259	0.014687	0.015102	0.015861	0.01511	0.012275	0.014081	0.015157	0.012121	0.01439	0.014169	0.013675	0.015663	0.00013128	0.0063552	0.0093503	0.009889	0.014709	0.010364	0.0044767	0.0026167	0.0064675	0.01737	0.015895	0.013292	0.015961	0.0187	0.08081	0.016829	0.028461	0.02392	0.01539	0.014937	0.014937	0.01642	0.012551	0.01556	0.014634	0.015521	0.013532	0.015064	0.014632	0.014594	0.014268	0.015335	0.015542	0.014865	0.013128	0.0146	0.0135	0.012827	0.0051291	0.013715	0.015758	0.0023809	0.012991	0.0022838	0.014826	0.0076091	0.00060669	0.0087446	0.016011	0.013323	0.014441	0.01653	0.017763	0.016018	0.0094641	0.003593	0.014212                                                                                                                                 
IL10   	0.010914	0.013317	0.0040443	0.015172	0.015258	0.015513	0.015673	0.015599	0.014863	0.015381	0.015673	0.014842	0.015399	0.015428	0.015328	0.015974	0.00029431	0.0081185	0.012546	0.013362	0.01542	0.014073	0.0076565	0.0040096	0.007835	0.015945	0.015908	0.015337	0.017037	0.015769	0.016829	0.016171	0.016176	0.015919	0.015341	0.015629	0.015629	0.015795	0.014902	0.015631	0.016054	0.015754	0.015312	0.015387	0.015453	0.015733	0.015551	0.015272	0.015273	0.015384	0.015396	0.01524	0.015365	0.014381	0.0081269	0.016638	0.015933	0.0035767	0.023304	0.0038082	0.015877	0.008381	0.0011305	0.010699	0.016308	0.0155	0.015298	0.015346	0.015985	0.015883	0.011622	0.0060213	0.015295                                                                                                                           
IL12A  	0.0096673	0.012564	0.0049936	0.014636	0.015328	0.015622	0.015869	0.015678	0.014305	0.015374	0.015707	0.014221	0.015319	0.015331	0.015097	0.015971	0.00021943	0.0074405	0.011607	0.012246	0.015347	0.012593	0.0062206	0.0035295	0.0082379	0.01643	0.01613	0.014948	0.016286	0.016457	0.028461	0.016176	0.018821	0.017631	0.015548	0.016034	0.016034	0.016129	0.014731	0.015788	0.01609	0.015887	0.01519	0.015455	0.0154	0.015792	0.015425	0.015491	0.01549	0.0154	0.01487	0.015241	0.015046	0.01407	0.0068911	0.015921	0.01616	0.003876	0.015648	0.0030582	0.016145	0.009678	0.00091706	0.010235	0.017027	0.015363	0.015173	0.015892	0.016558	0.016099	0.011232	0.0053553	0.015195                                                                                                                                 
IL12B  	0.012051	0.012827	0.0046581	0.014845	0.015391	0.015649	0.015801	0.015714	0.014841	0.015529	0.015726	0.014692	0.015469	0.015507	0.015371	0.015847	0.00029683	0.0084636	0.012045	0.01263	0.015333	0.012888	0.0067303	0.004038	0.0081196	0.016119	0.015913	0.015312	0.015949	0.016137	0.02392	0.015919	0.017631	0.016907	0.015519	0.016209	0.016209	0.015929	0.015049	0.015673	0.016022	0.01574	0.015417	0.015378	0.015418	0.015807	0.015515	0.015392	0.015582	0.015402	0.015144	0.015262	0.015171	0.014176	0.0073138	0.015569	0.016042	0.0038007	0.01502	0.0040713	0.015984	0.0092019	0.0011396	0.010761	0.01654	0.015386	0.015182	0.015692	0.016184	0.015916	0.011244	0.0054293	0.01524                                                                                                                            
IL13   	0.011278	0.013073	0.0040372	0.014782	0.015204	0.01539	0.015436	0.015382	0.014715	0.015255	0.015403	0.014577	0.015218	0.015207	0.015165	0.015432	0.00035078	0.018581	0.013144	0.013589	0.015176	0.013312	0.0075096	0.0043387	0.0079024	0.015446	0.015495	0.015209	0.015218	0.015409	0.01539	0.015341	0.015548	0.015519	0.015748	0.016795	0.016795	0.015522	0.015907	0.015417	0.016021	0.015378	0.016015	0.015057	0.015287	0.015996	0.015395	0.015101	0.015344	0.015202	0.015423	0.015218	0.015188	0.014306	0.0081036	0.014946	0.015754	0.0036647	0.013471	0.014932	0.015614	0.0083896	0.001285	0.010972	0.015695	0.015155	0.01502	0.015269	0.015463	0.015594	0.010998	0.005309	0.015217                                                                                                                            
IL13RA1	0.018301	0.011729	0.0061511	0.013286	0.015218	0.015426	0.015356	0.014941	0.01307	0.015351	0.014986	0.012921	0.014715	0.014447	0.014286	0.015237	0.00019017	0.010607	0.01145	0.011423	0.015018	0.011342	0.0054203	0.0032469	0.0093834	0.015493	0.015811	0.014037	0.014875	0.015617	0.014937	0.015629	0.016034	0.016209	0.016795	0.038299	0.019984	0.01549	0.013533	0.015515	0.015215	0.015315	0.015229	0.015458	0.015269	0.01577	0.016115	0.016188	0.018433	0.015065	0.014425	0.015389	0.0151	0.013854	0.006332	0.014797	0.015468	0.004557	0.011761	0.0053875	0.015113	0.011752	0.00081725	0.0097915	0.014893	0.015155	0.014723	0.017345	0.015682	0.015467	0.011717	0.005608	0.015047                                                                                                                              
IL13RA2	0.018301	0.011729	0.0061511	0.013286	0.015218	0.015426	0.015356	0.014941	0.01307	0.015351	0.014986	0.012921	0.014715	0.014447	0.014286	0.015237	0.00019017	0.010607	0.01145	0.011423	0.015018	0.011342	0.0054203	0.0032469	0.0093834	0.015493	0.015811	0.014037	0.014875	0.015617	0.014937	0.015629	0.016034	0.016209	0.016795	0.019984	0.038299	0.01549	0.013533	0.015515	0.015215	0.015315	0.015229	0.015458	0.015269	0.01577	0.016115	0.016188	0.018433	0.015065	0.014425	0.015389	0.0151	0.013854	0.006332	0.014797	0.015468	0.004557	0.011761	0.0053875	0.015113	0.011752	0.00081725	0.0097915	0.014893	0.015155	0.014723	0.017345	0.015682	0.015467	0.011717	0.005608	0.015047                                                                                                                              
IL17A  	0.009345	0.013423	0.0038325	0.015491	0.015542	0.015663	0.015802	0.015753	0.015019	0.015498	0.01581	0.014934	0.015546	0.015568	0.015486	0.015881	0.00034609	0.0082044	0.012956	0.01339	0.015513	0.01392	0.0076062	0.0043619	0.0077909	0.016012	0.016018	0.015563	0.015996	0.015814	0.01642	0.015795	0.016129	0.015929	0.015522	0.01549	0.01549	0.016117	0.018122	0.015847	0.016981	0.015891	0.016654	0.015363	0.015545	0.016509	0.015534	0.015345	0.015184	0.015622	0.015548	0.015462	0.01537	0.014515	0.0081032	0.01596	0.016275	0.0035203	0.015137	0.0038301	0.016684	0.008154	0.0012785	0.011172	0.017267	0.015608	0.015411	0.015399	0.016058	0.016001	0.011025	0.005209	0.015436                                                                                                                               
IL17RB 	0.0067705	0.012454	0.0020324	0.014121	0.016135	0.014856	0.015175	0.014797	0.013521	0.014099	0.015083	0.012156	0.014462	0.014034	0.014032	0.014918	0.00030491	0.0069045	0.011069	0.010139	0.014686	0.010328	0.0057295	0.0043346	0.0056367	0.015054	0.015315	0.01467	0.014649	0.015038	0.012551	0.014902	0.014731	0.015049	0.015907	0.013533	0.013533	0.018122	0.079378	0.015792	0.017817	0.015198	0.03562	0.014346	0.014647	0.020665	0.014193	0.014503	0.014236	0.017129	0.014924	0.01609	0.013376	0.013322	0.0059778	0.012493	0.015323	0.0019391	0.01076	0.0025793	0.015257	0.00581	0.0011968	0.011741	0.015298	0.014296	0.014196	0.01467	0.015215	0.015063	0.0085312	0.0030669	0.014517                                                                                                                          
IL18   	0.0091671	0.017623	0.0041156	0.014882	0.015275	0.015473	0.015654	0.015525	0.014774	0.015329	0.015611	0.014468	0.015328	0.015288	0.015222	0.015855	0.00030414	0.0084506	0.012331	0.012592	0.015596	0.013726	0.014368	0.0041212	0.007921	0.015706	0.015949	0.015294	0.015694	0.015621	0.01556	0.015631	0.015788	0.015673	0.015417	0.015515	0.015515	0.015847	0.015792	0.016261	0.017916	0.015592	0.016093	0.015245	0.015451	0.016863	0.015524	0.015223	0.015057	0.015553	0.015598	0.015279	0.015342	0.014651	0.011284	0.015461	0.015907	0.0036699	0.014522	0.0040704	0.015746	0.0084374	0.0011666	0.010898	0.016038	0.015573	0.015135	0.015287	0.015794	0.01579	0.011057	0.0052941	0.015219                                                                                                                         
IL1RL1 	0.0077453	0.015064	0.0028588	0.014638	0.015491	0.015506	0.015918	0.015442	0.014009	0.015039	0.015658	0.013203	0.0151	0.014859	0.014709	0.016201	0.00028259	0.0076539	0.010992	0.011203	0.015559	0.011777	0.0081037	0.0040203	0.0071589	0.016132	0.018177	0.014843	0.016194	0.015954	0.014634	0.016054	0.01609	0.016022	0.016021	0.015215	0.015215	0.016981	0.017817	0.017916	0.028336	0.015898	0.018183	0.015289	0.015396	0.021584	0.015273	0.015671	0.015068	0.016225	0.015144	0.015445	0.014727	0.014024	0.0072782	0.017518	0.016108	0.00281	0.01319	0.0030937	0.015909	0.0072374	0.0011078	0.010992	0.01641	0.0182	0.014956	0.015676	0.016478	0.015992	0.010118	0.0040503	0.015151                                                                                                                             
IL21   	0.0093245	0.013254	0.0030572	0.020408	0.015283	0.015496	0.015623	0.015589	0.014572	0.015197	0.015602	0.014712	0.015321	0.01528	0.015141	0.015879	0.00029005	0.0081472	0.013882	0.01535	0.015642	0.01465	0.007536	0.003996	0.0079059	0.016017	0.015777	0.015109	0.01607	0.015737	0.015521	0.015754	0.015887	0.01574	0.015378	0.015315	0.015315	0.015891	0.015198	0.015592	0.015898	0.016391	0.015496	0.0156	0.015786	0.01574	0.015846	0.015327	0.01518	0.015563	0.016147	0.015576	0.015883	0.014845	0.0083708	0.015922	0.016042	0.0036369	0.01543	0.0038466	0.016611	0.0073143	0.0011199	0.010736	0.01766	0.015229	0.015944	0.015218	0.016068	0.015915	0.012015	0.0064246	0.015776                                                                                                                                 
IL25   	0.0086139	0.013052	0.0026186	0.01454	0.016123	0.015576	0.015676	0.015568	0.014726	0.015169	0.015664	0.013923	0.015359	0.015161	0.015224	0.015518	0.00047095	0.0094963	0.014173	0.01179	0.015254	0.011662	0.0066134	0.0054704	0.0067315	0.015432	0.015657	0.015716	0.014927	0.015483	0.013532	0.015312	0.01519	0.015417	0.016015	0.015229	0.015229	0.016654	0.03562	0.016093	0.018183	0.015496	0.025531	0.014998	0.015374	0.019738	0.015139	0.015094	0.015012	0.016258	0.015966	0.016108	0.014683	0.014367	0.0072117	0.013482	0.01578	0.00262	0.011405	0.0047673	0.015562	0.0067648	0.0016888	0.012765	0.015342	0.014826	0.014846	0.01519	0.015496	0.015562	0.0098364	0.0039996	0.015226                                                                                                                           
IL2RA  	0.011963	0.013141	0.0029727	0.015812	0.014953	0.0152	0.015307	0.015235	0.014308	0.014993	0.015272	0.014494	0.015072	0.014965	0.014878	0.015651	0.00028428	0.0073232	0.014138	0.014357	0.015468	0.015086	0.0077229	0.0039019	0.008198	0.015485	0.015295	0.014833	0.015365	0.0154	0.015064	0.015387	0.015455	0.015378	0.015057	0.015458	0.015458	0.015363	0.014346	0.015245	0.015289	0.0156	0.014998	0.016125	0.015673	0.015297	0.01625	0.015361	0.015275	0.015152	0.016149	0.015371	0.016189	0.014821	0.008684	0.014943	0.01555	0.0038493	0.014192	0.0030931	0.015572	0.0071512	0.0010957	0.010465	0.015776	0.014947	0.015427	0.01494	0.015468	0.015544	0.021092	0.019996	0.01538                                                                                                                                  
IL3    	0.0097478	0.013834	0.0027562	0.016126	0.01526	0.015535	0.015588	0.015621	0.015048	0.015363	0.015628	0.015279	0.015519	0.015429	0.01541	0.015838	0.00029316	0.0079992	0.016597	0.016015	0.015932	0.015798	0.0094158	0.0040204	0.0080564	0.015595	0.01533	0.015409	0.015274	0.015577	0.014632	0.015453	0.0154	0.015418	0.015287	0.015269	0.015269	0.015545	0.014647	0.015451	0.015396	0.015786	0.015374	0.015673	0.016223	0.015473	0.016618	0.015286	0.015224	0.01548	0.018378	0.015925	0.017131	0.015855	0.011265	0.014521	0.015831	0.0037633	0.013054	0.003732	0.015692	0.0069093	0.00113	0.010749	0.015689	0.014891	0.015885	0.015039	0.015548	0.015893	0.012307	0.0067057	0.015911                                                                                                                              
IL33   	0.0085809	0.014413	0.0029052	0.014691	0.015653	0.015574	0.015809	0.015531	0.014352	0.015206	0.015664	0.013711	0.015257	0.015076	0.015004	0.015925	0.00031094	0.0094507	0.012097	0.01186	0.015488	0.012154	0.007974	0.0042732	0.0082256	0.015824	0.016655	0.015177	0.015604	0.015759	0.014594	0.015733	0.015792	0.015807	0.015996	0.01577	0.01577	0.016509	0.020665	0.016863	0.021584	0.01574	0.019738	0.015297	0.015473	0.020158	0.015443	0.015487	0.015205	0.015982	0.015489	0.015637	0.015023	0.014271	0.0076513	0.015413	0.016048	0.0038641	0.012725	0.0047289	0.015873	0.007245	0.0012024	0.011303	0.016041	0.016192	0.015011	0.015499	0.016008	0.015878	0.010833	0.0049826	0.015272                                                                                                                          
IL3RA  	0.014092	0.013755	0.0026066	0.015576	0.015126	0.015363	0.015507	0.015341	0.01409	0.015024	0.015431	0.014242	0.015194	0.014886	0.014815	0.016005	0.00027449	0.0071654	0.014708	0.014065	0.016174	0.015766	0.0084055	0.0038601	0.0087827	0.015593	0.015409	0.014776	0.015224	0.015637	0.014268	0.015551	0.015425	0.015515	0.015395	0.016115	0.016115	0.015534	0.014193	0.015524	0.015273	0.015846	0.015139	0.01625	0.016618	0.015443	0.018773	0.015611	0.015995	0.015479	0.017357	0.015898	0.019185	0.01597	0.0098914	0.014518	0.01577	0.0042512	0.01244	0.0028617	0.015538	0.0067872	0.0010695	0.010531	0.015381	0.015192	0.015941	0.015182	0.015589	0.01596	0.01387	0.0080682	0.015794                                                                                                                            
IL4    	0.010723	0.012903	0.0037901	0.014674	0.015011	0.015253	0.015295	0.015257	0.014739	0.015355	0.015265	0.014663	0.015181	0.015147	0.015097	0.015386	0.00032383	0.0079024	0.013446	0.013346	0.015106	0.013241	0.007792	0.0041187	0.015418	0.015406	0.015778	0.015065	0.015413	0.015324	0.015335	0.015272	0.015491	0.015392	0.015101	0.016188	0.016188	0.015345	0.014503	0.015223	0.015671	0.015327	0.015094	0.015361	0.015286	0.015487	0.015611	0.015479	0.015156	0.015112	0.015254	0.015101	0.015521	0.01445	0.0088067	0.017004	0.015443	0.011751	0.013469	0.0036647	0.015545	0.0080522	0.0012004	0.01066	0.015645	0.017017	0.014989	0.015102	0.01544	0.015333	0.015008	0.01141	0.01509                                                                                                                              
IL4R   	0.03946	0.012391	0.0044597	0.014614	0.015009	0.01511	0.015146	0.015036	0.014096	0.014986	0.01506	0.014159	0.014884	0.014788	0.014721	0.015221	0.00035971	0.0085235	0.013177	0.013295	0.015024	0.013443	0.0067185	0.0043188	0.0081389	0.015244	0.015165	0.014702	0.014936	0.015307	0.015542	0.015273	0.01549	0.015582	0.015344	0.018433	0.018433	0.015184	0.014236	0.015057	0.015068	0.01518	0.015012	0.015275	0.015224	0.015205	0.015995	0.015156	0.017627	0.014966	0.015196	0.015183	0.015446	0.014211	0.007649	0.01443	0.015293	0.0038488	0.013258	0.0041348	0.015182	0.0089293	0.0012985	0.010788	0.015183	0.014705	0.015014	0.015445	0.015276	0.015246	0.01199	0.0065108	0.015008                                                                                                                             
