       	ADAM33 	ADRB2  	ALOX5  	AREG   	ARG1   	BCL6   	CCL11  	CCL17  	CCL2   	CCL22  	CCL24  	CCL26  	CCL5   	CCL8   	CCR3   	CCR4   	CCR8   	CD40LG 	CHI3L1 	CHIA   	CLC    	CLCA1  	CMA1   	CPA3   	CRLF2  	CSF2   	CSF3R  	CYSLTR1	EPX    	FCER1A 	FOXP3  	GATA3  	GPR44  	ICOS   	IFNG   	IFNGR2 	IL10   	IL12A  	IL12B  	IL13   	IL13RA1	IL13RA2	IL17A  	IL17RB 	IL18   	IL1RL1 	IL21   	IL25   	IL2RA  	IL3    	IL31   	IL33   	IL3RA  	IL4    	IL4R   	IL5    	IL5RA  	IL9    	KIT    	KITLG  	LTB4R  	MAF    	MMP9   	MRC1   	MS4A2  	PDCD1  	PMCH   	POSTN  	PPARG  	PRG2   	RETNLB 	RNASE2 	RNASE3 	RORC   	SATB1  	SIGLEC8	STAT5A 	STAT6  	TBX21  	TGFB1  	TNFRSF4	TNFSF4 	TSLP   
ADAM33 	0.025078	0.041385	0.0099756	0.0060381	0.01108	0.011172	0.011726	0.011304	0.011299	0.011315	0.011451	0.011412	0.011277	0.011063	0.011344	0.011311	0.011414	0.011388	0.07001	0.0093341	0.0092971	0.0090097	0.010357	0.007932	0.010751	0.011183	0.011174	0.009846	0.010805	0.01042	0.011409	0.011314	0.01282	0.011272	0.011376	0.011735	0.011387	0.01143	0.013308	0.011625	0.011378	0.011375	0.011292	0.011059	0.011354	0.011208	0.011386	0.011373	0.0113	0.011288	0.0089594	0.011382	0.011223	0.011598	0.011839	0.011171	0.011282	0.011212	0.011096	0.010908	0.0094987	0.011221	0.010978	0.011153	0.010872	0.011128	0.0085986	0.0042692	0.011303	0.0082792	0.010864	0.010377	0.010738	0.011558	0.011025	0.0063156	0.011247	0.011357	0.01143	0.011381	0.011299	0.011241	0.011354                                                                    
ADRB2  	0.041385	0.17167	0.0076918	0.004782	0.009177	0.0095033	0.010913	0.0098717	0.010211	0.0098556	0.0099797	0.0097978	0.0099492	0.00881	0.0099406	0.00974	0.0099671	0.010367	0.039117	0.0066862	0.0064937	0.0069434	0.0082607	0.0053628	0.008353	0.0099328	0.0092741	0.0074865	0.0088142	0.0080603	0.010387	0.0099769	0.013127	0.0098047	0.010281	0.011721	0.010404	0.01065	0.018963	0.010934	0.0099118	0.0099639	0.010178	0.0087966	0.010355	0.0095161	0.010336	0.0099354	0.0099571	0.010121	0.006845	0.009992	0.0096496	0.010703	0.01127	0.0098784	0.0096903	0.009866	0.0094024	0.0093558	0.0069956	0.00957	0.010116	0.0093716	0.0087848	0.0092851	0.0059995	0.0025274	0.0099827	0.0057761	0.0089607	0.008312	0.0088957	0.011077	0.0089476	0.0043741	0.01004	0.010214	0.01057	0.010459	0.0098075	0.0095748	0.0099889                                
ALOX5  	0.0099756	0.0076918	0.036467	0.0057908	0.010977	0.011673	0.012793	0.011859	0.013112	0.01175	0.011755	0.011471	0.011861	0.011003	0.011832	0.011753	0.011821	0.011789	0.0043892	0.0077197	0.0094253	0.0086861	0.010598	0.0090182	0.010629	0.012468	0.011433	0.040582	0.011441	0.0095363	0.011692	0.011783	0.011704	0.011653	0.0118	0.011173	0.011763	0.011621	0.011597	0.011557	0.011238	0.011571	0.011713	0.011394	0.013229	0.012038	0.011684	0.011658	0.011648	0.011815	0.008632	0.011893	0.011763	0.011671	0.011577	0.012167	0.011756	0.011754	0.011643	0.013353	0.040748	0.011629	0.011513	0.011671	0.0099872	0.011311	0.0095271	0.003495	0.011755	0.0099954	0.010487	0.011235	0.01133	0.011624	0.011152	0.0079837	0.011604	0.011641	0.013129	0.011839	0.011539	0.011356	0.01161                                                               
AREG   	0.0060381	0.004782	0.0057908	0.39676	0.0067604	0.0070631	0.0073411	0.0073836	0.0090102	0.0073425	0.0067966	0.0067465	0.0086558	0.0061125	0.0072613	0.0072305	0.0071228	0.0088042	0.0021852	0.0045018	0.0044255	0.0048456	0.011064	0.0073747	0.0058595	0.0081788	0.0065392	0.0055381	0.0062155	0.0069414	0.0076509	0.0074975	0.0069444	0.0074338	0.0083204	0.0073362	0.0087363	0.007541	0.0088603	0.0081374	0.0072242	0.0073058	0.0085267	0.0060932	0.0076525	0.0070497	0.0074767	0.007054	0.0074434	0.0075882	0.0051797	0.007221	0.0073138	0.0076438	0.0073502	0.0072545	0.0068951	0.0076966	0.0076675	0.0092964	0.006052	0.0069643	0.036463	0.0071568	0.0071588	0.0069729	0.0040325	0.0016209	0.011669	0.0044132	0.0064716	0.0060989	0.0064433	0.0080529	0.006164	0.0028616	0.0075172	0.0073562	0.00875	0.009758	0.0073693	0.0073458	0.0072425  
ARG1   	0.01108	0.009177	0.010977	0.0067604	0.015843	0.012887	0.012379	0.012753	0.012617	0.012677	0.012586	0.012713	0.012731	0.012497	0.012542	0.012694	0.012612	0.012731	0.0053553	0.016633	0.010074	0.010143	0.011389	0.0085236	0.012225	0.012458	0.012415	0.010432	0.011866	0.011375	0.012768	0.012788	0.0125	0.012866	0.012828	0.013068	0.012854	0.01287	0.012514	0.012702	0.014057	0.012776	0.012699	0.012093	0.012648	0.01267	0.013026	0.012707	0.012678	0.012503	0.010311	0.012693	0.012545	0.012628	0.012725	0.012417	0.01252	0.012531	0.012348	0.012143	0.010374	0.01289	0.01218	0.014332	0.011709	0.012911	0.0092781	0.0048647	0.012633	0.009066	0.015154	0.011429	0.011859	0.012882	0.012751	0.0069186	0.012521	0.01285	0.01265	0.012739	0.0128	0.012899	0.012691                                                                             
BCL6   	0.011172	0.0095033	0.011673	0.0070631	0.012887	0.014203	0.012478	0.012704	0.012587	0.012731	0.012666	0.012752	0.012578	0.012828	0.012602	0.012765	0.012707	0.012818	0.0055639	0.010208	0.010446	0.010193	0.011513	0.0088929	0.012724	0.012485	0.012736	0.01146	0.012092	0.011316	0.012813	0.012859	0.012593	0.013097	0.012752	0.012841	0.012763	0.012674	0.012522	0.012516	0.012864	0.012751	0.012704	0.012461	0.012668	0.01278	0.012837	0.012715	0.012721	0.012575	0.011874	0.012715	0.012717	0.012619	0.012629	0.012576	0.012689	0.012546	0.012494	0.012267	0.011133	0.013073	0.012214	0.012712	0.011671	0.013213	0.010396	0.0049269	0.012747	0.0093329	0.012408	0.011628	0.012095	0.01299	0.013094	0.0086873	0.012736	0.012725	0.01281	0.012656	0.012929	0.013093	0.012751                                                                    
CCL11  	0.011726	0.010913	0.012793	0.0073411	0.012379	0.012478	0.012492	0.012471	0.012439	0.012476	0.01252	0.012512	0.012412	0.012616	0.012467	0.012511	0.012506	0.012429	0.0086795	0.010201	0.012242	0.010802	0.011687	0.010011	0.012488	0.01242	0.012553	0.013146	0.012538	0.011489	0.012445	0.012436	0.012449	0.012466	0.012431	0.012405	0.012415	0.012361	0.012318	0.012305	0.012436	0.01247	0.012401	0.013344	0.012459	0.012501	0.012421	0.012549	0.012442	0.012439	0.010843	0.012487	0.012453	0.012382	0.012389	0.012374	0.012507	0.012356	0.012343	0.012259	0.012797	0.012456	0.012016	0.012469	0.011781	0.012492	0.011476	0.005712	0.01247	0.011736	0.012017	0.012428	0.012387	0.012497	0.012384	0.0081927	0.012384	0.012396	0.012453	0.012405	0.012475	0.012491	0.012459                                                                        
CCL17  	0.011304	0.0098717	0.011859	0.0073836	0.012753	0.012704	0.012471	0.012721	0.012532	0.012773	0.012636	0.012703	0.012533	0.012925	0.012581	0.012703	0.012679	0.012598	0.0063408	0.010585	0.011239	0.010548	0.01178	0.0096985	0.014175	0.012466	0.012661	0.011558	0.012309	0.011739	0.012636	0.01261	0.012538	0.01267	0.012601	0.012659	0.012587	0.012556	0.012398	0.012445	0.012689	0.012632	0.012538	0.012685	0.012557	0.01267	0.012602	0.012645	0.012584	0.012522	0.011004	0.01264	0.012593	0.012529	0.012524	0.012451	0.012617	0.012482	0.012475	0.012279	0.011519	0.012663	0.012138	0.012812	0.01198	0.012765	0.010689	0.0055562	0.012609	0.010495	0.012311	0.012004	0.012216	0.012675	0.012634	0.0082764	0.012601	0.012564	0.012536	0.012546	0.012677	0.012752	0.012735                                                                       
CCL2   	0.011299	0.010211	0.013112	0.0090102	0.012617	0.012587	0.012439	0.012532	0.012545	0.012539	0.012516	0.012565	0.01245	0.012697	0.012479	0.01257	0.012547	0.012505	0.0064062	0.010448	0.01113	0.010414	0.011972	0.010622	0.012633	0.012422	0.01256	0.013224	0.012212	0.011822	0.012525	0.01253	0.012429	0.012565	0.012511	0.012566	0.012506	0.01248	0.012349	0.012355	0.012578	0.01252	0.012455	0.01245	0.012537	0.012565	0.012504	0.012508	0.012484	0.012443	0.011062	0.012523	0.012519	0.012448	0.012437	0.012375	0.012517	0.012403	0.012451	0.012417	0.013605	0.012562	0.012235	0.012685	0.012012	0.012634	0.010567	0.0054178	0.012599	0.010476	0.012185	0.011928	0.01212	0.012623	0.012508	0.0081077	0.012459	0.012457	0.012538	0.012491	0.012565	0.012613	0.012516                                                                            
CCL22  	0.011315	0.0098556	0.01175	0.0073425	0.012677	0.012731	0.012476	0.012773	0.012539	0.012853	0.01266	0.012741	0.012541	0.013061	0.012605	0.012743	0.012721	0.012614	0.0063584	0.010545	0.011173	0.010483	0.011727	0.0095653	0.014848	0.012461	0.012662	0.01145	0.012302	0.011641	0.012659	0.012619	0.012566	0.012687	0.012614	0.012657	0.012595	0.012546	0.012405	0.012454	0.012672	0.012641	0.012546	0.012591	0.01256	0.012656	0.012609	0.012654	0.012596	0.01253	0.011011	0.012654	0.012603	0.012538	0.012531	0.012462	0.01263	0.01249	0.012474	0.01227	0.011406	0.012677	0.012137	0.012728	0.011922	0.012796	0.010712	0.0053846	0.012625	0.010172	0.012277	0.011943	0.012218	0.012689	0.012651	0.0083315	0.012647	0.012577	0.012543	0.012551	0.012697	0.012783	0.0128                                                                           
CCL24  	0.011451	0.0099797	0.011755	0.0067966	0.012586	0.012666	0.01252	0.012636	0.012516	0.01266	0.012808	0.012813	0.01256	0.013193	0.012663	0.012755	0.012746	0.012584	0.0067873	0.010407	0.012453	0.010978	0.011628	0.0092426	0.012627	0.012495	0.012624	0.011369	0.012772	0.011552	0.012616	0.012606	0.012639	0.012648	0.012584	0.012619	0.012569	0.012518	0.012397	0.012453	0.012637	0.01265	0.012508	0.012565	0.012562	0.012724	0.012578	0.012631	0.012603	0.012571	0.010523	0.012662	0.012584	0.012527	0.012526	0.012491	0.012646	0.012489	0.012442	0.012233	0.011257	0.012665	0.012074	0.012653	0.01187	0.012703	0.01123	0.005721	0.012562	0.010664	0.01221	0.012416	0.012532	0.012627	0.012669	0.0085866	0.01252	0.012578	0.012517	0.012539	0.012665	0.012691	0.012626                                                                          
CCL26  	0.011412	0.0097978	0.011471	0.0067465	0.012713	0.012752	0.012512	0.012703	0.012565	0.012741	0.012813	0.013327	0.012592	0.013531	0.012725	0.012908	0.012878	0.012652	0.0064737	0.010748	0.011139	0.010545	0.011779	0.0093445	0.012673	0.012484	0.01272	0.011035	0.012381	0.011808	0.012698	0.012683	0.012677	0.012734	0.012654	0.012716	0.012639	0.012606	0.012448	0.012523	0.012761	0.012725	0.01257	0.012522	0.012597	0.012714	0.012654	0.01269	0.012656	0.012574	0.010546	0.012705	0.012657	0.012607	0.012622	0.012521	0.012704	0.012534	0.012523	0.012276	0.010967	0.012759	0.012131	0.01272	0.012147	0.012798	0.010802	0.0054221	0.012621	0.0097848	0.012373	0.011914	0.012292	0.012699	0.012792	0.008616	0.012598	0.012657	0.012572	0.0126	0.012761	0.012782	0.012687                                                                       
CCL5   	0.011277	0.0099492	0.011861	0.0086558	0.012731	0.012578	0.012412	0.012533	0.01245	0.012541	0.01256	0.012592	0.012483	0.012726	0.012507	0.012573	0.012555	0.012502	0.0064849	0.011685	0.012001	0.010791	0.011867	0.010316	0.012628	0.012444	0.012587	0.011584	0.012479	0.011748	0.01252	0.012515	0.012437	0.012558	0.012506	0.012558	0.012502	0.012467	0.012323	0.012392	0.012615	0.012534	0.012451	0.012463	0.012469	0.012564	0.012518	0.012519	0.012507	0.012478	0.010965	0.01253	0.012514	0.012444	0.01245	0.012385	0.012537	0.012409	0.012423	0.012264	0.011585	0.012554	0.01217	0.012704	0.011975	0.012629	0.011421	0.0057326	0.012523	0.011724	0.012511	0.012366	0.012365	0.012569	0.012515	0.0081844	0.012449	0.012479	0.012447	0.012476	0.012566	0.01261	0.012525                                                                         
CCL8   	0.011063	0.00881	0.011003	0.0061125	0.012497	0.012828	0.012616	0.012925	0.012697	0.013061	0.013193	0.013531	0.012726	0.021878	0.013328	0.013903	0.013898	0.012695	0.0053242	0.0093736	0.01067	0.010204	0.011228	0.0085722	0.013221	0.012534	0.012801	0.010498	0.012415	0.010748	0.012826	0.012627	0.012937	0.01271	0.012708	0.012546	0.012646	0.012499	0.012408	0.012509	0.012634	0.0127	0.01264	0.012135	0.012607	0.012532	0.01265	0.01268	0.012712	0.012638	0.011894	0.012725	0.012692	0.012639	0.012621	0.012548	0.012864	0.012586	0.012477	0.012248	0.010463	0.012646	0.012038	0.012624	0.01128	0.012636	0.0098563	0.0047814	0.012648	0.009234	0.012039	0.011742	0.012226	0.012595	0.012512	0.0071898	0.013109	0.012912	0.012566	0.012596	0.012815	0.012685	0.012813                                                                         
CCR3   	0.011344	0.0099406	0.011832	0.0072613	0.012542	0.012602	0.012467	0.012581	0.012479	0.012605	0.012663	0.012725	0.012507	0.013328	0.012608	0.012693	0.012683	0.012528	0.0066753	0.010385	0.012294	0.010943	0.011854	0.010264	0.012738	0.012464	0.012729	0.011546	0.012624	0.011695	0.012555	0.012534	0.012522	0.012577	0.012527	0.012536	0.012513	0.012465	0.01234	0.012394	0.012576	0.012573	0.012458	0.012494	0.012495	0.012582	0.012519	0.012558	0.012552	0.012532	0.010787	0.012571	0.012576	0.012481	0.012482	0.012439	0.01263	0.012452	0.012472	0.012291	0.011533	0.012575	0.012083	0.012605	0.011973	0.012629	0.011845	0.0058737	0.012525	0.011026	0.012166	0.012363	0.012512	0.012562	0.012546	0.008327	0.012511	0.012516	0.012464	0.012491	0.012602	0.012619	0.01257                                                                      
CCR4   	0.011311	0.00974	0.011753	0.0072305	0.012694	0.012765	0.012511	0.012703	0.01257	0.012743	0.012755	0.012908	0.012573	0.013903	0.012693	0.012875	0.012843	0.012641	0.006213	0.010259	0.011135	0.010372	0.01171	0.0094573	0.013036	0.012485	0.012678	0.011441	0.012361	0.011608	0.01269	0.012662	0.012624	0.012736	0.012644	0.012686	0.012631	0.012576	0.012431	0.01247	0.012708	0.01268	0.012586	0.01267	0.012591	0.012698	0.012636	0.012673	0.012633	0.012558	0.011223	0.012678	0.012636	0.01257	0.012566	0.012501	0.01267	0.012509	0.012494	0.012292	0.01139	0.012727	0.012158	0.012732	0.011905	0.012879	0.010735	0.0050052	0.012663	0.010063	0.012258	0.011955	0.012261	0.012732	0.012704	0.008428	0.012642	0.012627	0.012579	0.012586	0.012757	0.012823	0.012698                                                                              
CCR8   	0.011414	0.0099671	0.011821	0.0071228	0.012612	0.012707	0.012506	0.012679	0.012547	0.012721	0.012746	0.012878	0.012555	0.013898	0.012683	0.012843	0.012827	0.012602	0.0066905	0.010134	0.011378	0.010451	0.011707	0.0095624	0.013092	0.012488	0.012715	0.011527	0.012435	0.011569	0.012645	0.012611	0.012624	0.012667	0.012602	0.012611	0.012585	0.012529	0.01241	0.012441	0.012649	0.012643	0.012544	0.012566	0.012563	0.012655	0.012592	0.012633	0.012604	0.012552	0.011222	0.012648	0.012618	0.01254	0.012541	0.012478	0.01267	0.012488	0.012485	0.012284	0.011477	0.01266	0.01212	0.012691	0.011879	0.012733	0.010885	0.0050951	0.012617	0.010599	0.01218	0.012102	0.012308	0.012663	0.012624	0.0084006	0.012622	0.012592	0.012541	0.012552	0.012692	0.012721	0.012669                                                                       
CD40LG 	0.011388	0.010367	0.011789	0.0088042	0.012731	0.012818	0.012429	0.012598	0.012505	0.012614	0.012584	0.012652	0.012502	0.012695	0.012528	0.012641	0.012602	0.012605	0.0064416	0.010718	0.011049	0.010422	0.011886	0.0099053	0.012747	0.012441	0.012719	0.011475	0.012225	0.01187	0.012632	0.012639	0.012499	0.012725	0.012601	0.012721	0.012606	0.012568	0.012434	0.012437	0.012701	0.012624	0.012548	0.012511	0.012542	0.012666	0.01261	0.012598	0.012582	0.012505	0.011333	0.012605	0.012613	0.012524	0.01253	0.012434	0.012608	0.012463	0.012496	0.012289	0.011433	0.012721	0.012257	0.012688	0.012086	0.012918	0.010633	0.0053342	0.012639	0.010348	0.012345	0.011912	0.012159	0.012736	0.012726	0.0082959	0.012549	0.012548	0.012557	0.012555	0.012718	0.012832	0.012616                                                                     
CHI3L1 	0.07001	0.039117	0.0043892	0.0021852	0.0053553	0.0055639	0.0086795	0.0063408	0.0064062	0.0063584	0.0067873	0.0064737	0.0064849	0.0053242	0.0066753	0.006213	0.0066905	0.0064416	0.41994	0.0041455	0.0038358	0.0042692	0.0050144	0.0029479	0.0048971	0.0062798	0.0057336	0.0046075	0.005632	0.0048357	0.0063966	0.0062168	0.012623	0.0059401	0.0064354	0.0065043	0.0064082	0.0064	0.010493	0.0079811	0.0062964	0.0064384	0.0063104	0.0055962	0.0064063	0.0058094	0.0064001	0.0065427	0.0063161	0.0063841	0.0035936	0.0065542	0.0060607	0.0076939	0.0086196	0.0063156	0.0062553	0.0063337	0.0059248	0.0058654	0.0039232	0.0057976	0.0060381	0.0056347	0.0058182	0.0053636	0.0034144	0.001397	0.0061008	0.0032065	0.0054985	0.005206	0.0056974	0.0062102	0.0053845	0.0023599	0.0062426	0.0065388	0.0066766	0.0064283	0.0060736	0.0057409	0.0065008  
CHIA   	0.0093341	0.0066862	0.0077197	0.0045018	0.016633	0.010208	0.010201	0.010585	0.010448	0.010545	0.010407	0.010748	0.011685	0.0093736	0.010385	0.010259	0.010134	0.010718	0.0041455	0.16946	0.0072261	0.0089083	0.0085198	0.0054837	0.0089271	0.010275	0.0094685	0.0070927	0.0090355	0.0082758	0.010658	0.010745	0.010128	0.010417	0.010815	0.011029	0.010882	0.010788	0.01056	0.014642	0.012138	0.010886	0.011454	0.0092111	0.010706	0.010777	0.012159	0.010796	0.010676	0.010301	0.0075487	0.010746	0.0099021	0.010458	0.011673	0.010207	0.0099346	0.010561	0.0096184	0.0096303	0.0069224	0.010233	0.010107	0.011053	0.0098907	0.009691	0.0061742	0.0040312	0.0098893	0.0059531	0.04235	0.0086588	0.0092303	0.010318	0.0095274	0.0044644	0.010265	0.011626	0.010575	0.01068	0.010254	0.010058	0.010614                                            
CLC    	0.0092971	0.0064937	0.0094253	0.0044255	0.010074	0.010446	0.012242	0.011239	0.01113	0.011173	0.012453	0.011139	0.012001	0.01067	0.012294	0.011135	0.011378	0.011049	0.0038358	0.0072261	0.052461	0.033132	0.0092084	0.0064438	0.0096409	0.012281	0.011075	0.0086836	0.021565	0.0082128	0.010908	0.010687	0.011275	0.010613	0.011007	0.010307	0.010955	0.01057	0.010681	0.011528	0.010533	0.011128	0.010837	0.010445	0.011084	0.010865	0.010896	0.01112	0.011614	0.012527	0.0072576	0.01123	0.011089	0.011085	0.010976	0.011702	0.011631	0.012015	0.0109	0.010778	0.0083673	0.010471	0.010327	0.010685	0.0090232	0.010204	0.017734	0.036001	0.010497	0.022161	0.0098522	0.023137	0.018639	0.010176	0.01013	0.0061902	0.010862	0.011589	0.010635	0.011087	0.010718	0.010348	0.011093                                                               
CLCA1  	0.0090097	0.0069434	0.0086861	0.0048456	0.010143	0.010193	0.010802	0.010548	0.010414	0.010483	0.010978	0.010545	0.010791	0.010204	0.010943	0.010372	0.010451	0.010422	0.0042692	0.0089083	0.033132	0.047633	0.0093058	0.0069077	0.0095462	0.010747	0.010076	0.0081295	0.014703	0.0087593	0.010423	0.010318	0.010401	0.01024	0.010443	0.010421	0.010431	0.010266	0.010195	0.011349	0.010427	0.010682	0.010309	0.0097154	0.01046	0.010321	0.01044	0.010585	0.010715	0.010962	0.0076039	0.010501	0.010247	0.010418	0.010411	0.010539	0.010574	0.011847	0.010258	0.010075	0.0079978	0.010221	0.0098541	0.010126	0.0094122	0.0099184	0.0097275	0.11503	0.0099966	0.010496	0.010012	0.014743	0.013383	0.0099659	0.010093	0.0054494	0.010266	0.011427	0.010212	0.010462	0.010193	0.010035	0.010508                                                      
CMA1   	0.010357	0.0082607	0.010598	0.011064	0.011389	0.011513	0.011687	0.01178	0.011972	0.011727	0.011628	0.011779	0.011867	0.011228	0.011854	0.01171	0.011707	0.011886	0.0050144	0.0085198	0.0092084	0.0093058	0.022276	0.042968	0.010955	0.011824	0.011866	0.010198	0.011001	0.025189	0.011858	0.011939	0.011563	0.011736	0.011933	0.011794	0.011917	0.012859	0.01173	0.011963	0.011831	0.011937	0.011762	0.010856	0.01181	0.011574	0.01182	0.011784	0.011883	0.011981	0.009299	0.011789	0.012385	0.012575	0.01222	0.01162	0.011831	0.012344	0.014102	0.014496	0.011229	0.011675	0.012797	0.011883	0.021567	0.011504	0.0084301	0.0043781	0.011992	0.0083294	0.010943	0.010567	0.011077	0.011667	0.011456	0.0060991	0.011914	0.011721	0.011809	0.012117	0.011835	0.011719	0.011765                                                                     
CPA3   	0.007932	0.0053628	0.0090182	0.0073747	0.0085236	0.0088929	0.010011	0.0096985	0.010622	0.0095653	0.0092426	0.0093445	0.010316	0.0085722	0.010264	0.0094573	0.0095624	0.0099053	0.0029479	0.0054837	0.0064438	0.0069077	0.042968	0.17511	0.008115	0.010301	0.0096905	0.0087214	0.0087088	0.023645	0.0097201	0.01022	0.0092733	0.0093595	0.010121	0.0089139	0.0099215	0.010422	0.0096845	0.0099694	0.0093612	0.0098151	0.0097152	0.0080837	0.0097352	0.0090762	0.0096462	0.0095868	0.0099152	0.010656	0.0066064	0.0095519	0.011562	0.01126	0.010347	0.0097325	0.0098513	0.011686	0.016369	0.022367	0.012516	0.0091953	0.012985	0.0093893	0.021158	0.008763	0.0058835	0.002475	0.010104	0.0059349	0.0081808	0.0083094	0.0089482	0.0091558	0.008758	0.0041721	0.010379	0.0095291	0.0096922	0.010867	0.0095674	0.0091741	0.009627                     
CRLF2  	0.010751	0.008353	0.010629	0.0058595	0.012225	0.012724	0.012488	0.014175	0.012633	0.014848	0.012627	0.012673	0.012628	0.013221	0.012738	0.013036	0.013092	0.012747	0.0048971	0.0089271	0.0096409	0.0095462	0.010955	0.008115	0.035551	0.012459	0.012719	0.010019	0.011795	0.010388	0.012888	0.012448	0.01268	0.01259	0.012711	0.012247	0.012558	0.012364	0.012298	0.012478	0.012388	0.012601	0.012605	0.012015	0.012547	0.012416	0.012619	0.012859	0.012621	0.012565	0.012302	0.012855	0.012614	0.012562	0.01247	0.012436	0.012698	0.012586	0.012395	0.012085	0.0099906	0.012354	0.011907	0.012753	0.010969	0.012535	0.0090671	0.004036	0.012574	0.0087268	0.011677	0.011264	0.011761	0.012461	0.011959	0.006817	0.013653	0.012611	0.012438	0.012487	0.012652	0.012875	0.014471                                                                  
CSF2   	0.011183	0.0099328	0.012468	0.0081788	0.012458	0.012485	0.01242	0.012466	0.012422	0.012461	0.012495	0.012484	0.012444	0.012534	0.012464	0.012485	0.012488	0.012441	0.0062798	0.010275	0.012281	0.010747	0.011824	0.010301	0.012459	0.012563	0.01278	0.01223	0.012611	0.011657	0.01244	0.012434	0.012361	0.012466	0.012433	0.012422	0.012429	0.012373	0.01226	0.012295	0.012464	0.012455	0.012381	0.012352	0.012447	0.012553	0.012426	0.01244	0.01246	0.012492	0.011092	0.012478	0.012525	0.01238	0.012389	0.012355	0.012568	0.012365	0.012429	0.012275	0.012233	0.012448	0.012089	0.012563	0.011897	0.012514	0.011232	0.0056217	0.012443	0.015855	0.012063	0.013095	0.012375	0.012464	0.012384	0.0081083	0.01241	0.012388	0.012399	0.012417	0.012486	0.012504	0.012454                                                                           
CSF3R  	0.011174	0.0092741	0.011433	0.0065392	0.012415	0.012736	0.012553	0.012661	0.01256	0.012662	0.012624	0.01272	0.012587	0.012801	0.012729	0.012678	0.012715	0.012719	0.0057336	0.0094685	0.011075	0.010076	0.011866	0.0096905	0.012719	0.01278	0.017084	0.01083	0.012496	0.011328	0.012664	0.01259	0.012506	0.012651	0.012641	0.012416	0.012645	0.012467	0.012433	0.012455	0.012637	0.012733	0.012588	0.01214	0.012561	0.012632	0.012642	0.012639	0.012875	0.012984	0.012073	0.012686	0.013605	0.01259	0.012866	0.012502	0.013894	0.012644	0.01309	0.012468	0.010877	0.012511	0.012147	0.012556	0.011929	0.012638	0.010186	0.0044138	0.012645	0.011339	0.012022	0.012307	0.012337	0.01258	0.012226	0.0073151	0.012992	0.012544	0.012519	0.01264	0.012827	0.012697	0.012707                                                                          
CYSLTR1	0.009846	0.0074865	0.040582	0.0055381	0.010432	0.01146	0.013146	0.011558	0.013224	0.01145	0.011369	0.011035	0.011584	0.010498	0.011546	0.011441	0.011527	0.011475	0.0046075	0.0070927	0.0086836	0.0081295	0.010198	0.0087214	0.010019	0.01223	0.01083	0.056828	0.011012	0.0089433	0.011392	0.011518	0.011527	0.011352	0.011526	0.010703	0.011465	0.011309	0.011351	0.011258	0.010778	0.011169	0.011445	0.01131	0.013135	0.011496	0.011386	0.011357	0.011277	0.011504	0.0080762	0.011555	0.011363	0.011378	0.01126	0.011913	0.011394	0.011469	0.011255	0.013596	0.049613	0.011366	0.01132	0.011206	0.0094326	0.010804	0.0082585	0.003076	0.01159	0.0083531	0.0099742	0.010659	0.010868	0.011456	0.010657	0.0061812	0.01129	0.011341	0.013715	0.011558	0.011128	0.010892	0.011247                                                                  
EPX    	0.010805	0.0088142	0.011441	0.0062155	0.011866	0.012092	0.012538	0.012309	0.012212	0.012302	0.012772	0.012381	0.012479	0.012415	0.012624	0.012361	0.012435	0.012225	0.005632	0.0090355	0.021565	0.014703	0.011001	0.0087088	0.011795	0.012611	0.012496	0.011012	0.01518	0.010482	0.012191	0.012114	0.012317	0.01213	0.0122	0.011936	0.012174	0.012	0.011962	0.01217	0.012057	0.012274	0.012104	0.012228	0.012223	0.012271	0.012155	0.012278	0.012402	0.012661	0.0096285	0.012338	0.012314	0.012178	0.012157	0.012388	0.012523	0.01234	0.012139	0.011946	0.010825	0.012076	0.011664	0.012177	0.010989	0.012056	0.014829	0.009065	0.012075	0.016928	0.011472	0.015733	0.014293	0.011991	0.011925	0.0083831	0.012136	0.012278	0.012057	0.012205	0.012194	0.012088	0.012256                                                                          
FCER1A 	0.01042	0.0080603	0.0095363	0.0069414	0.011375	0.011316	0.011489	0.011739	0.011822	0.011641	0.011552	0.011808	0.011748	0.010748	0.011695	0.011608	0.011569	0.01187	0.0048357	0.0082758	0.0082128	0.0087593	0.025189	0.023645	0.010388	0.011657	0.011328	0.0089433	0.010482	0.047714	0.011934	0.011909	0.011485	0.011723	0.011955	0.012479	0.012012	0.01495	0.011858	0.012292	0.011944	0.01199	0.011753	0.010363	0.011874	0.011413	0.011907	0.011787	0.011857	0.011802	0.0084618	0.01179	0.012149	0.013317	0.012597	0.011525	0.011547	0.012374	0.014205	0.013328	0.0094136	0.011693	0.012583	0.012323	0.032868	0.01133	0.0076992	0.0035177	0.011782	0.0071738	0.010813	0.009909	0.010737	0.011537	0.011465	0.0055729	0.011756	0.011766	0.011879	0.012023	0.011814	0.011682	0.011714                                                               
FOXP3  	0.011409	0.010387	0.011692	0.0076509	0.012768	0.012813	0.012445	0.012636	0.012525	0.012659	0.012616	0.012698	0.01252	0.012826	0.012555	0.01269	0.012645	0.012632	0.0063966	0.010658	0.010908	0.010423	0.011858	0.0097201	0.012888	0.01244	0.012664	0.011392	0.012191	0.011934	0.012676	0.012688	0.012534	0.01277	0.012637	0.012789	0.01264	0.012612	0.012465	0.012464	0.01274	0.012657	0.012588	0.012559	0.012568	0.012703	0.012645	0.012634	0.012608	0.012514	0.011588	0.012638	0.012618	0.012556	0.012555	0.012458	0.012611	0.012486	0.012494	0.012282	0.011291	0.012784	0.012198	0.012717	0.012104	0.013011	0.010521	0.0054155	0.012688	0.0099045	0.01236	0.011808	0.012138	0.012821	0.012838	0.0083277	0.012588	0.012586	0.012588	0.012579	0.012763	0.01289	0.012659                                                                         
GATA3  	0.011314	0.0099769	0.011783	0.0074975	0.012788	0.012859	0.012436	0.01261	0.01253	0.012619	0.012606	0.012683	0.012515	0.012627	0.012534	0.012662	0.012611	0.012639	0.0062168	0.010745	0.010687	0.010318	0.011939	0.01022	0.012448	0.012434	0.01259	0.011518	0.012114	0.011909	0.012688	0.01284	0.012521	0.012821	0.012655	0.012784	0.012651	0.012626	0.012459	0.012475	0.012769	0.012676	0.0126	0.012537	0.012595	0.01287	0.012682	0.012643	0.01261	0.012501	0.01127	0.01266	0.012607	0.012588	0.012562	0.012489	0.012582	0.012489	0.012495	0.01233	0.011414	0.013097	0.012204	0.012687	0.01212	0.012947	0.010409	0.0052305	0.012706	0.0096655	0.0124	0.011704	0.012084	0.012909	0.013847	0.008408	0.012552	0.012627	0.01264	0.012591	0.012758	0.012864	0.012631                                                                                  
GPR44  	0.01282	0.013127	0.011704	0.0069444	0.0125	0.012593	0.012449	0.012538	0.012429	0.012566	0.012639	0.012677	0.012437	0.012937	0.012522	0.012624	0.012624	0.012499	0.012623	0.010128	0.011275	0.010401	0.011563	0.0092733	0.01268	0.012361	0.012506	0.011527	0.012317	0.011485	0.012534	0.012521	0.01269	0.012563	0.012498	0.012571	0.012487	0.012449	0.012522	0.01238	0.012559	0.012546	0.012426	0.012522	0.012469	0.012555	0.012498	0.012541	0.012489	0.012435	0.010508	0.012549	0.012477	0.012462	0.012484	0.012372	0.012523	0.012373	0.01234	0.012146	0.011303	0.012584	0.012018	0.012552	0.0118	0.01261	0.010781	0.0051701	0.0125	0.010089	0.012095	0.011931	0.012194	0.012596	0.012589	0.0083724	0.012435	0.012476	0.012467	0.012455	0.012569	0.012608	0.012543                                                                               
ICOS   	0.011272	0.0098047	0.011653	0.0074338	0.012866	0.013097	0.012466	0.01267	0.012565	0.012687	0.012648	0.012734	0.012558	0.01271	0.012577	0.012736	0.012667	0.012725	0.0059401	0.010417	0.010613	0.01024	0.011736	0.0093595	0.01259	0.012466	0.012651	0.011352	0.01213	0.011723	0.01277	0.012821	0.012563	0.012957	0.012721	0.012867	0.012736	0.01267	0.012498	0.012502	0.01283	0.012726	0.012658	0.012577	0.012629	0.01279	0.012738	0.012694	0.012677	0.012547	0.011405	0.012696	0.012673	0.012613	0.012603	0.01253	0.012637	0.012524	0.0125	0.012287	0.011176	0.013021	0.012226	0.012745	0.011965	0.01338	0.010441	0.0050059	0.012724	0.0095608	0.012395	0.011699	0.012113	0.012922	0.013248	0.0084881	0.012619	0.012662	0.012687	0.012636	0.012916	0.013135	0.012708                                                                             
IFNG   	0.011376	0.010281	0.0118	0.0083204	0.012828	0.012752	0.012431	0.012601	0.012511	0.012614	0.012584	0.012654	0.012506	0.012708	0.012527	0.012644	0.012602	0.012601	0.0064354	0.010815	0.011007	0.010443	0.011933	0.010121	0.012711	0.012433	0.012641	0.011526	0.0122	0.011955	0.012637	0.012655	0.012498	0.012721	0.012611	0.012813	0.012614	0.012595	0.012438	0.012447	0.012754	0.01263	0.012554	0.012578	0.012548	0.012672	0.012621	0.01261	0.012579	0.012496	0.011309	0.012609	0.012591	0.012533	0.012533	0.012432	0.012584	0.012467	0.012486	0.012303	0.011469	0.012746	0.012231	0.012737	0.012127	0.01291	0.010535	0.0054146	0.012645	0.010175	0.012408	0.011864	0.012136	0.012759	0.012801	0.0081904	0.01254	0.012562	0.012562	0.012561	0.012713	0.012821	0.012615                                                                           
IFNGR2 	0.011735	0.011721	0.011173	0.0073362	0.013068	0.012841	0.012405	0.012659	0.012566	0.012657	0.012619	0.012716	0.012558	0.012546	0.012536	0.012686	0.012611	0.012721	0.0065043	0.011029	0.010307	0.010421	0.011794	0.0089139	0.012247	0.012422	0.012416	0.010703	0.011936	0.012479	0.012789	0.012784	0.012571	0.012867	0.012813	0.016093	0.012891	0.01317	0.012829	0.012657	0.012953	0.012758	0.012641	0.01217	0.01267	0.012737	0.012771	0.012673	0.012662	0.012508	0.010473	0.012689	0.01256	0.012635	0.012632	0.012438	0.012524	0.01253	0.012411	0.012197	0.010572	0.012862	0.012271	0.012953	0.012275	0.013032	0.0094817	0.0054325	0.012671	0.0090584	0.012539	0.011459	0.011901	0.012957	0.012768	0.0072146	0.012538	0.012765	0.012694	0.012678	0.012825	0.012958	0.012673                                                                     
IL10   	0.011387	0.010404	0.011763	0.0087363	0.012854	0.012763	0.012415	0.012587	0.012506	0.012595	0.012569	0.012639	0.012502	0.012646	0.012513	0.012631	0.012585	0.012606	0.0064082	0.010882	0.010955	0.010431	0.011917	0.0099215	0.012558	0.012429	0.012645	0.011465	0.012174	0.012012	0.01264	0.012651	0.012487	0.012736	0.012614	0.012891	0.012626	0.012613	0.012451	0.012449	0.012756	0.012625	0.012557	0.012464	0.012546	0.012665	0.012623	0.012593	0.012579	0.012491	0.011433	0.012601	0.012592	0.012531	0.012533	0.012425	0.012577	0.012461	0.01248	0.012284	0.011406	0.012737	0.01226	0.012751	0.012151	0.012979	0.010493	0.0054288	0.012639	0.010176	0.012434	0.011843	0.012116	0.012755	0.012759	0.0081867	0.012535	0.01256	0.012563	0.012562	0.012729	0.012858	0.012603                                                                      
IL12A  	0.01143	0.01065	0.011621	0.007541	0.01287	0.012674	0.012361	0.012556	0.01248	0.012546	0.012518	0.012606	0.012467	0.012499	0.012465	0.012576	0.012529	0.012568	0.0064	0.010788	0.01057	0.010266	0.012859	0.010422	0.012364	0.012373	0.012467	0.011309	0.012	0.01495	0.012612	0.012626	0.012449	0.01267	0.012595	0.01317	0.012613	0.012895	0.012471	0.012476	0.012753	0.012607	0.012516	0.012331	0.012533	0.012612	0.012606	0.012563	0.012538	0.01244	0.011044	0.01257	0.012542	0.012621	0.012562	0.012372	0.012487	0.012469	0.012587	0.012332	0.011227	0.012695	0.012226	0.012913	0.013763	0.01277	0.010142	0.0052336	0.012589	0.0095744	0.01238	0.011596	0.011979	0.012711	0.012704	0.0080521	0.012477	0.01254	0.012545	0.012542	0.012657	0.012739	0.012554                                                                                      
IL12B  	0.013308	0.018963	0.011597	0.0088603	0.012514	0.012522	0.012318	0.012398	0.012349	0.012405	0.012397	0.012448	0.012323	0.012408	0.01234	0.012431	0.01241	0.012434	0.010493	0.01056	0.010681	0.010195	0.01173	0.0096845	0.012298	0.01226	0.012433	0.011351	0.011962	0.011858	0.012465	0.012459	0.012522	0.012498	0.012438	0.012829	0.012451	0.012471	0.012776	0.012337	0.012525	0.012439	0.012388	0.012252	0.012391	0.012458	0.012447	0.01241	0.012391	0.012325	0.011258	0.012422	0.012389	0.012399	0.012434	0.012244	0.012387	0.012283	0.012286	0.012103	0.011255	0.012501	0.012139	0.012484	0.012001	0.012584	0.010176	0.0052016	0.012497	0.0099656	0.012144	0.01163	0.011903	0.012655	0.012475	0.0079369	0.012366	0.012386	0.012421	0.01241	0.01249	0.012555	0.012415                                                                           
IL13   	0.011625	0.010934	0.011557	0.0081374	0.012702	0.012516	0.012305	0.012445	0.012355	0.012454	0.012453	0.012523	0.012392	0.012509	0.012394	0.01247	0.012441	0.012437	0.0079811	0.014642	0.011528	0.011349	0.011963	0.0099694	0.012478	0.012295	0.012455	0.011258	0.01217	0.012292	0.012464	0.012475	0.01238	0.012502	0.012447	0.012657	0.012449	0.012476	0.012337	0.012448	0.012593	0.012488	0.012408	0.012378	0.012401	0.012537	0.012486	0.012464	0.012429	0.012361	0.011021	0.012465	0.012415	0.012406	0.012437	0.012276	0.012423	0.012365	0.012352	0.012149	0.01119	0.012513	0.012084	0.01254	0.012445	0.01256	0.010407	0.0081139	0.012438	0.010136	0.012981	0.011852	0.012071	0.01253	0.012504	0.0079945	0.012373	0.01245	0.012392	0.012408	0.012497	0.012548	0.012454                                                                          
IL13RA1	0.011378	0.0099118	0.011238	0.0072242	0.014057	0.012864	0.012436	0.012689	0.012578	0.012672	0.012637	0.012761	0.012615	0.012634	0.012576	0.012708	0.012649	0.012701	0.0062964	0.012138	0.010533	0.010427	0.011831	0.0093612	0.012388	0.012464	0.012637	0.010778	0.012057	0.011944	0.01274	0.012769	0.012559	0.01283	0.012754	0.012953	0.012756	0.012753	0.012525	0.012593	0.013677	0.012778	0.012638	0.012319	0.012623	0.012722	0.012841	0.012705	0.012675	0.012543	0.010571	0.0127	0.012639	0.012637	0.012685	0.01245	0.012623	0.01255	0.012514	0.012265	0.010715	0.012876	0.012233	0.013261	0.012233	0.012905	0.0097479	0.0054061	0.012715	0.0093655	0.013263	0.011617	0.012011	0.01288	0.012854	0.0073282	0.012565	0.012731	0.012637	0.012719	0.012797	0.012883	0.012685                                                                      
IL13RA2	0.011375	0.0099639	0.011571	0.0073058	0.012776	0.012751	0.01247	0.012632	0.01252	0.012641	0.01265	0.012725	0.012534	0.0127	0.012573	0.01268	0.012643	0.012624	0.0064384	0.010886	0.011128	0.010682	0.011937	0.0098151	0.012601	0.012455	0.012733	0.011169	0.012274	0.01199	0.012657	0.012676	0.012546	0.012726	0.01263	0.012758	0.012625	0.012607	0.012439	0.012488	0.012778	0.012727	0.012572	0.012898	0.012571	0.012758	0.012643	0.0127	0.012625	0.012538	0.010852	0.012675	0.012642	0.012565	0.012579	0.012474	0.012656	0.012514	0.01254	0.012293	0.011105	0.012752	0.012177	0.012712	0.012245	0.012838	0.010697	0.0058845	0.012655	0.0099277	0.012413	0.011884	0.012214	0.012749	0.012781	0.0085028	0.012548	0.012593	0.012561	0.012591	0.012729	0.012801	0.012645                                                                           
IL17A  	0.011292	0.010178	0.011713	0.0085267	0.012699	0.012704	0.012401	0.012538	0.012455	0.012546	0.012508	0.01257	0.012451	0.01264	0.012458	0.012586	0.012544	0.012548	0.0063104	0.011454	0.010837	0.010309	0.011762	0.0097152	0.012605	0.012381	0.012588	0.011445	0.012104	0.011753	0.012588	0.0126	0.012426	0.012658	0.012554	0.012641	0.012557	0.012516	0.012388	0.012408	0.012638	0.012572	0.012667	0.013174	0.012498	0.012678	0.012577	0.012613	0.012535	0.01244	0.015676	0.012571	0.012536	0.012469	0.01248	0.012387	0.012539	0.012416	0.012417	0.012222	0.011349	0.012649	0.012197	0.012607	0.01196	0.012788	0.010393	0.0052762	0.012666	0.010068	0.01249	0.011769	0.012046	0.012744	0.01265	0.008123	0.012665	0.012499	0.012517	0.01251	0.01265	0.012748	0.012572                                                                              
IL17RB 	0.011059	0.0087966	0.011394	0.0060932	0.012093	0.012461	0.013344	0.012685	0.01245	0.012591	0.012565	0.012522	0.012463	0.012135	0.012494	0.01267	0.012566	0.012511	0.0055962	0.0092111	0.010445	0.0097154	0.010856	0.0080837	0.012015	0.012352	0.01214	0.01131	0.012228	0.010363	0.012559	0.012537	0.012522	0.012577	0.012578	0.01217	0.012464	0.012331	0.012252	0.012378	0.012319	0.012898	0.013174	0.033765	0.012509	0.012766	0.012566	0.01481	0.012544	0.012423	0.011413	0.01294	0.01235	0.012434	0.012477	0.01287	0.012564	0.012487	0.012055	0.012022	0.010683	0.012477	0.011897	0.012202	0.010934	0.012511	0.010746	0.0041468	0.012647	0.0092687	0.011857	0.011792	0.012164	0.012578	0.012292	0.0091098	0.012397	0.012493	0.01244	0.012486	0.012598	0.012599	0.012715                                                                        
IL18   	0.011354	0.010355	0.013229	0.0076525	0.012648	0.012668	0.012459	0.012557	0.012537	0.01256	0.012562	0.012597	0.012469	0.012607	0.012495	0.012591	0.012563	0.012542	0.0064063	0.010706	0.011084	0.01046	0.01181	0.0097352	0.012547	0.012447	0.012561	0.013135	0.012223	0.011874	0.012568	0.012595	0.012469	0.012629	0.012548	0.01267	0.012546	0.012533	0.012391	0.012401	0.012623	0.012571	0.012498	0.012509	0.012595	0.012743	0.012553	0.012556	0.012521	0.012461	0.011116	0.012586	0.012534	0.012479	0.012475	0.012422	0.01254	0.012425	0.012427	0.012332	0.013074	0.012652	0.01214	0.012662	0.01203	0.012717	0.010573	0.0055205	0.012572	0.010408	0.012274	0.01192	0.012134	0.012665	0.012655	0.0083458	0.012476	0.012502	0.012579	0.012508	0.012616	0.012679	0.01255                                                                           
IL1RL1 	0.011208	0.0095161	0.012038	0.0070497	0.01267	0.01278	0.012501	0.01267	0.012565	0.012656	0.012724	0.012714	0.012564	0.012532	0.012582	0.012698	0.012655	0.012666	0.0058094	0.010777	0.010865	0.010321	0.011574	0.0090762	0.012416	0.012553	0.012632	0.011496	0.012271	0.011413	0.012703	0.01287	0.012555	0.01279	0.012672	0.012737	0.012665	0.012612	0.012458	0.012537	0.012722	0.012758	0.012678	0.012766	0.012743	0.014066	0.012688	0.01273	0.012654	0.012552	0.011415	0.012888	0.012628	0.012572	0.012581	0.012552	0.012645	0.012519	0.012457	0.01227	0.011389	0.012876	0.01217	0.012683	0.011805	0.012845	0.0106	0.0050395	0.012683	0.010604	0.012355	0.011972	0.01219	0.012865	0.013015	0.0087169	0.012571	0.012619	0.012637	0.012619	0.012758	0.012827	0.012683                                                                            
IL21   	0.011386	0.010336	0.011684	0.0074767	0.013026	0.012837	0.012421	0.012602	0.012504	0.012609	0.012578	0.012654	0.012518	0.01265	0.012519	0.012636	0.012592	0.01261	0.0064001	0.012159	0.010896	0.01044	0.01182	0.0096462	0.012619	0.012426	0.012642	0.011386	0.012155	0.011907	0.012645	0.012682	0.012498	0.012738	0.012621	0.012771	0.012623	0.012606	0.012447	0.012486	0.012841	0.012643	0.012577	0.012566	0.012553	0.012688	0.012664	0.012621	0.012587	0.012491	0.011478	0.012616	0.012585	0.012537	0.012556	0.012433	0.012582	0.012467	0.012461	0.012252	0.011265	0.012797	0.012166	0.012794	0.012098	0.012856	0.01043	0.0054565	0.012646	0.010048	0.012799	0.011807	0.012102	0.012796	0.012906	0.0081833	0.012547	0.01259	0.012576	0.012566	0.012708	0.012801	0.012616                                                                        
